measures : alg3/ls

Generations Run: 1000.0
Generation fitness average: 0.0
Overall fitness Average: 0.0
Best fitness: 1.0087902179961183

Final fitness: 1.0087902179961183

instances

-----
7.155944740478807,8.757923707255966,8.406008810858783,1.08512785786486,0.9831583234423871,0.3303623294585165,7.122990237350324,8.791928974644797,3.462874677220917,0.15305183272214506,7.426983203072618,7.088330973820291,6.3322800030170185,9.294882808180047,9.852945254937033,5.810187600465465,3.1164078709083363,9.629924129997477,0.8333961778791483,2.0485267051729297,9.03991757477403,1.8499267135276725,4.147321905416616,4.606828972685392,7.797839377298434,2.6285074574532494,1.5911775377607373,5.347867035703996,9.01066916452801,5.570490768383005,1.106545611184048,2.5274615263925595,0.8044213885351592,0.1795112999133881,3.557991590646033,6.905857708224513,4.758990115674849,2.3640689681481533,9.501145778306071,1.8082987668908483,5.458397588686893,8.976857888485416,4.615019012694175,3.3747214902521385,4.0542491131468195,7.544283700823296,6.994052667835433,6.994362547550825,4.618940536806461,0.692704973359211,1.2043769778394484,0.36442637032631353,3.617907522328019,2.81503601712454,2.905250164843266,2.7428180128585664,6.5704323313178055,4.245960604651708,3.920616271218538,3.7833124055383127,1.8962616565675372,5.626118335901456,0.9172267944498351,3.847379347536534,0.06052638809500266,2.2352271529602197,1.3047331722800362,0.8802580561572277,6.432181540198698,4.861224041175726,7.619658952230772,6.819719027858186,8.76142574316071,0.24710967787159,6.489134303157739,9.074320845515569,4.859289382474584,0.31929062504357475,0.29176489848282294,9.863825452977398,2.9278178730381486,5.250830122920817,8.841990216450574,8.157792808506487,6.042009615694694,0.9501170167452937,4.820768326603666,5.579239789749257,3.5249013691778686,6.790081774694102,0.25941584348491276,8.958604151245986,5.384931552264538,4.305190336534244,2.1549055102156647,8.229112513020695,1.5999424478366482,2.1830619627970416,3.2539173769982357,9.048017298885643,5.834920164747533,7.164659659910566,9.189419384142232,4.909017403907541,3.1708013256955496,4.441621387190679,5.487539015454079,3.5795457227047267,3.599415522110344,4.801395532624905,7.4839707640706425,7.4524598372519435,7.4048614507054875,9.120468273133548,2.8981505585375906,6.845035029601428,5.104353331483004,3.843070363325758,0.7099104325389227,9.409016152201248,3.361803332080868,3.8073611953782214,1.0673127828144846,7.633845697001082,9.21514898128011,1.1932017870170029,9.225846542911636,9.93104324678227,8.073656778493518,1.465233316714711,1.978155552132426,8.981073371679214,6.244179993695994,8.972090028379936,7.679945183023516,3.904894519859817,6.2355730648700405,6.337181062945331,0.811710583636664,0.3907452959533657,2.768205631635716,2.9385921776902073,9.03740115785898,5.162580034754701,9.280750911350635,8.625257073656961,4.93013091825249,8.119928556224163,8.779158940623788,9.35366940027297,5.931518993614816,7.109809337590031,9.112955783155748,1.6540046977062364,4.695240432116662,6.609691176011152,1.1917521314208397,2.7466418710938285,7.736838316787685,2.6063521969378636,9.270068853610187,2.729670520022357,3.270846257374229,1.648848097679391,5.23133021136112,4.545093788422378,9.262743089093084,2.43465756048015,3.7921046175304305,6.406033604253354,0.05725364902680674,3.356436278751964,2.7254102683681563,0.029361693543970446,4.4659913105489535,9.192666367785066,1.5671334227189444,6.367788161377895,9.906420264068052,4.568849978428933,3.822347052608526,8.572545097695295,6.0806045970248555,0.9467554601746215,1.4285463421493407,9.64241780726787,7.766189315086592,7.717578597562749,6.1605571188404715,9.626978976192866,9.563551785898255,6.480752324603987,0.7771009642661557,4.3514981938296025,5.9020344667528155,0.7834812024486855,3.011744633108865,4.418100946948115,7.254666944694289,1.4769550068019655,
-----
7.155944740478807,8.757923707255966,8.406008810858783,1.08512785786486,0.9831583234423871,0.3303623294585165,7.122990237350324,8.791928974644797,3.462874677220917,0.15305183272214506,7.426983203072618,7.088330973820291,6.3322800030170185,9.294882808180047,9.852945254937033,5.810187600465465,3.1164078709083363,9.629924129997477,0.8333961778791483,2.0485267051729297,9.03991757477403,1.8499267135276725,4.147321905416616,4.606828972685392,7.797839377298434,2.6285074574532494,1.5911775377607373,5.347867035703996,9.01066916452801,5.570490768383005,1.106545611184048,2.5274615263925595,0.8044213885351592,0.1795112999133881,3.557991590646033,6.905857708224513,4.758990115674849,2.3640689681481533,9.501145778306071,1.8082987668908483,5.458397588686893,8.976857888485416,4.615019012694175,3.3747214902521385,4.0542491131468195,7.544283700823296,6.994052667835434,6.994362547550825,4.618940536806461,0.692704973359211,1.2043769778394484,0.36442637032631353,3.617907522328019,2.81503601712454,2.905250164843266,2.7428180128585664,6.5704323313178055,4.245960604651708,3.920616271218538,3.7833124055383127,1.8962616565675372,5.626118335901456,0.9172267944498351,3.847379347536534,0.06052638809500266,2.2352271529602197,1.3047331722800362,0.8802580561572277,6.432181540198698,4.861224041175726,7.619658952230772,6.819719027858186,8.76142574316071,0.24710967787159,6.489134303157739,9.074320845515569,4.859289382474584,0.31929062504357475,0.29176489848282294,9.863825452977398,2.9278178730381486,5.250830122920817,8.841990216450574,8.157792808506487,6.042009615694694,0.9501170167452937,4.820768326603666,5.579239789749257,3.5249013691778686,6.790081774694102,0.25941584348491276,8.958604151245986,5.384931552264538,4.305190336534244,2.1549055102156647,8.229112513020695,1.5999424478366482,2.1830619627970416,3.2539173769982357,9.048017298885643,5.834920164747532,7.164659659910566,9.189419384142232,4.909017403907541,3.1708013256955496,4.441621387190679,5.487539015454079,3.5795457227047267,3.599415522110344,4.801395532624905,7.4839707640706425,7.4524598372519435,7.4048614507054875,9.120468273133548,2.8981505585375906,6.845035029601428,5.104353331483004,3.843070363325758,0.7099104325389227,9.409016152201248,3.361803332080868,3.8073611953782214,1.0673127828144846,7.633845697001082,9.21514898128011,1.1932017870170029,9.225846542911636,9.931043246782268,8.073656778493518,1.465233316714711,1.978155552132426,8.981073371679214,6.244179993695994,8.972090028379936,7.679945183023516,3.904894519859817,6.2355730648700405,6.337181062945331,0.811710583636664,0.3907452959533657,2.768205631635716,2.9385921776902073,9.03740115785898,5.162580034754701,9.280750911350635,8.625257073656961,4.93013091825249,8.119928556224163,8.779158940623788,9.35366940027297,5.931518993614816,7.109809337590031,9.112955783155748,1.6540046977062364,4.695240432116662,6.609691176011152,1.1917521314208397,2.7466418710938285,7.736838316787685,2.6063521969378636,9.270068853610187,2.729670520022357,3.270846257374229,1.648848097679391,5.23133021136112,4.545093788422378,9.262743089093084,2.43465756048015,3.7921046175304305,6.406033604253354,0.05725364902680674,3.356436278751964,2.7254102683681563,0.029361693543970446,4.4659913105489535,9.192666367785066,1.5671334227189444,6.367788161377895,9.906420264068052,4.568849978428932,3.822347052608526,8.572545097695295,6.0806045970248555,0.9467554601746215,1.4285463421493407,9.64241780726787,7.766189315086592,7.717578597562749,6.1605571188404715,9.626978976192866,9.563551785898255,6.480752324603987,0.7771009642661557,4.3514981938296025,5.902034466752816,0.7834812024486855,3.011744633108865,4.418100946948115,7.254666944694289,1.4769550068019655,
-----
7.155944740478807,8.757923707255966,8.406008810858783,1.08512785786486,0.9831583234423871,0.3303623294585165,7.122990237350324,8.791928974644797,3.462874677220917,0.15305183272214506,7.426983203072618,7.088330973820291,6.3322800030170185,9.294882808180047,9.852945254937033,5.810187600465465,3.1164078709083363,9.629924129997477,0.8333961778791483,2.0485267051729297,9.03991757477403,1.8499267135276725,4.147321905416616,4.606828972685392,7.797839377298434,2.6285074574532494,1.5911775377607373,5.347867035703996,9.01066916452801,5.570490768383005,1.106545611184048,2.5274615263925595,0.8044213885351592,0.1795112999133881,3.557991590646033,6.905857708224513,4.758990115674849,2.3640689681481533,9.501145778306071,1.8082987668908483,5.458397588686893,8.976857888485416,4.615019012694175,3.3747214902521385,4.0542491131468195,7.544283700823296,6.994052667835433,6.994362547550825,4.618940536806461,0.692704973359211,1.2043769778394484,0.36442637032631353,3.617907522328019,2.81503601712454,2.905250164843266,2.7428180128585664,6.5704323313178055,4.245960604651708,3.920616271218538,3.7833124055383127,1.8962616565675372,5.626118335901456,0.9172267944498351,3.847379347536534,0.06052638809500266,2.2352271529602197,1.3047331722800362,0.8802580561572277,6.432181540198698,4.861224041175726,7.619658952230772,6.819719027858186,8.76142574316071,0.24710967787159,6.489134303157739,9.074320845515569,4.859289382474584,0.31929062504357475,0.29176489848282294,9.863825452977398,2.9278178730381486,5.250830122920817,8.841990216450574,8.157792808506487,6.042009615694694,0.9501170167452937,4.820768326603666,5.579239789749257,3.5249013691778686,6.790081774694102,0.25941584348491276,8.958604151245986,5.384931552264538,4.305190336534244,2.1549055102156647,8.229112513020695,1.5999424478366482,2.1830619627970416,3.2539173769982357,9.048017298885643,5.834920164747533,7.164659659910566,9.189419384142232,4.909017403907541,3.1708013256955496,4.441621387190679,5.487539015454079,3.5795457227047267,3.599415522110344,4.801395532624905,7.4839707640706425,7.4524598372519435,7.4048614507054875,9.120468273133548,2.8981505585375906,6.845035029601428,5.104353331483004,3.843070363325758,0.7099104325389227,9.409016152201248,3.361803332080868,3.8073611953782214,1.0673127828144846,7.633845697001082,9.21514898128011,1.1932017870170029,9.225846542911636,9.93104324678227,8.073656778493518,1.465233316714711,1.978155552132426,8.981073371679214,6.244179993695994,8.972090028379936,7.679945183023516,3.904894519859817,6.2355730648700405,6.337181062945332,0.811710583636664,0.3907452959533657,2.768205631635716,2.9385921776902073,9.03740115785898,5.162580034754701,9.280750911350635,8.625257073656961,4.93013091825249,8.119928556224163,8.779158940623788,9.35366940027297,5.931518993614816,7.109809337590031,9.112955783155748,1.6540046977062364,4.695240432116662,6.609691176011152,1.1917521314208397,2.7466418710938285,7.736838316787685,2.6063521969378636,9.270068853610187,2.729670520022357,3.270846257374229,1.648848097679391,5.23133021136112,4.545093788422378,9.262743089093084,2.43465756048015,3.7921046175304305,6.406033604253354,0.05725364902680674,3.356436278751964,2.7254102683681563,0.029361693543970446,4.4659913105489535,9.192666367785066,1.5671334227189444,6.367788161377895,9.906420264068052,4.568849978428933,3.822347052608526,8.572545097695295,6.0806045970248555,0.9467554601746215,1.4285463421493407,9.64241780726787,7.766189315086592,7.717578597562749,6.1605571188404715,9.626978976192866,9.563551785898255,6.480752324603987,0.7771009642661557,4.3514981938296025,5.9020344667528155,0.7834812024486855,3.011744633108865,4.418100946948115,7.254666944694289,1.4769550068019655,
-----
7.155944740478807,8.757923707255966,8.406008810858783,1.08512785786486,0.9831583234423871,0.3303623294585165,7.122990237350324,8.791928974644797,3.462874677220917,0.15305183272214506,7.426983203072618,7.088330973820291,6.3322800030170185,9.294882808180047,9.852945254937033,5.810187600465465,3.1164078709083363,9.629924129997477,0.8333961778791483,2.0485267051729297,9.03991757477403,1.8499267135276725,4.147321905416616,4.606828972685392,7.797839377298433,2.6285074574532494,1.5911775377607373,5.347867035703996,9.01066916452801,5.570490768383005,1.106545611184048,2.5274615263925595,0.8044213885351592,0.1795112999133881,3.557991590646033,6.905857708224513,4.758990115674849,2.3640689681481533,9.501145778306071,1.8082987668908483,5.458397588686892,8.976857888485416,4.615019012694175,3.3747214902521385,4.0542491131468195,7.544283700823296,6.994052667835434,6.994362547550825,4.618940536806461,0.692704973359211,1.2043769778394484,0.36442637032631353,3.617907522328019,2.81503601712454,2.905250164843266,2.7428180128585664,6.5704323313178055,4.245960604651708,3.920616271218538,3.7833124055383127,1.8962616565675372,5.626118335901456,0.9172267944498351,3.847379347536534,0.06052638809500266,2.2352271529602197,1.3047331722800362,0.8802580561572277,6.432181540198698,4.861224041175726,7.619658952230772,6.819719027858186,8.76142574316071,0.24710967787159,6.489134303157739,9.074320845515569,4.859289382474584,0.31929062504357475,0.29176489848282294,9.863825452977398,2.9278178730381486,5.250830122920817,8.841990216450574,8.157792808506487,6.042009615694694,0.9501170167452937,4.820768326603666,5.579239789749257,3.5249013691778686,6.790081774694102,0.25941584348491276,8.958604151245986,5.384931552264538,4.305190336534244,2.1549055102156647,8.229112513020695,1.5999424478366482,2.1830619627970416,3.2539173769982357,9.048017298885643,5.834920164747533,7.164659659910566,9.189419384142232,4.909017403907541,3.1708013256955496,4.441621387190679,5.487539015454079,3.5795457227047267,3.599415522110344,4.8013955326249045,7.4839707640706425,7.4524598372519435,7.4048614507054875,9.120468273133548,2.8981505585375906,6.845035029601427,5.104353331483004,3.843070363325758,0.7099104325389227,9.409016152201248,3.361803332080868,3.8073611953782214,1.0673127828144846,7.633845697001082,9.21514898128011,1.1932017870170029,9.225846542911636,9.931043246782268,8.073656778493518,1.465233316714711,1.978155552132426,8.981073371679214,6.244179993695994,8.972090028379936,7.679945183023516,3.904894519859817,6.2355730648700405,6.337181062945331,0.811710583636664,0.3907452959533657,2.768205631635716,2.9385921776902073,9.03740115785898,5.1625800347547015,9.280750911350635,8.625257073656961,4.93013091825249,8.119928556224163,8.779158940623788,9.35366940027297,5.931518993614816,7.109809337590031,9.112955783155748,1.6540046977062364,4.695240432116662,6.609691176011152,1.1917521314208397,2.7466418710938285,7.736838316787685,2.6063521969378636,9.270068853610187,2.729670520022357,3.270846257374229,1.648848097679391,5.23133021136112,4.545093788422378,9.262743089093084,2.43465756048015,3.7921046175304305,6.406033604253354,0.05725364902680674,3.356436278751964,2.7254102683681563,0.029361693543970446,4.4659913105489535,9.192666367785066,1.5671334227189444,6.367788161377895,9.906420264068052,4.568849978428932,3.822347052608526,8.572545097695295,6.0806045970248555,0.9467554601746215,1.4285463421493407,9.64241780726787,7.766189315086592,7.717578597562749,6.1605571188404715,9.626978976192866,9.563551785898255,6.480752324603987,0.7771009642661557,4.3514981938296025,5.9020344667528155,0.7834812024486855,3.011744633108865,4.418100946948115,7.254666944694289,1.4769550068019655,
-----
7.155944740478807,8.757923707255966,8.406008810858783,1.08512785786486,0.9831583234423871,0.3303623294585165,7.122990237350324,8.791928974644797,3.462874677220917,0.15305183272214506,7.426983203072618,7.088330973820291,6.3322800030170185,9.294882808180047,9.852945254937033,5.810187600465465,3.1164078709083363,9.629924129997477,0.8333961778791483,2.0485267051729297,9.03991757477403,1.8499267135276725,4.147321905416616,4.606828972685392,7.797839377298434,2.6285074574532494,1.5911775377607373,5.347867035703996,9.01066916452801,5.570490768383005,1.106545611184048,2.5274615263925595,0.8044213885351592,0.1795112999133881,3.557991590646033,6.905857708224513,4.758990115674849,2.3640689681481533,9.501145778306071,1.8082987668908483,5.458397588686893,8.976857888485416,4.615019012694175,3.3747214902521385,4.0542491131468195,7.544283700823296,6.994052667835433,6.994362547550825,4.618940536806461,0.692704973359211,1.2043769778394484,0.36442637032631353,3.617907522328019,2.81503601712454,2.905250164843266,2.7428180128585664,6.5704323313178055,4.245960604651708,3.920616271218538,3.7833124055383127,1.8962616565675372,5.626118335901456,0.9172267944498351,3.847379347536534,0.06052638809500266,2.2352271529602197,1.3047331722800362,0.8802580561572277,6.432181540198698,4.861224041175726,7.619658952230772,6.819719027858186,8.76142574316071,0.24710967787159,6.489134303157739,9.074320845515569,4.859289382474584,0.31929062504357475,0.29176489848282294,9.863825452977398,2.9278178730381486,5.250830122920817,8.841990216450574,8.157792808506487,6.042009615694694,0.9501170167452937,4.820768326603666,5.579239789749257,3.5249013691778686,6.790081774694102,0.25941584348491276,8.958604151245986,5.384931552264538,4.305190336534244,2.1549055102156647,8.229112513020695,1.5999424478366482,2.1830619627970416,3.2539173769982357,9.048017298885643,5.834920164747533,7.164659659910566,9.189419384142232,4.909017403907541,3.1708013256955496,4.441621387190679,5.487539015454079,3.5795457227047267,3.599415522110344,4.801395532624905,7.4839707640706425,7.4524598372519435,7.4048614507054875,9.120468273133548,2.8981505585375906,6.845035029601427,5.104353331483004,3.843070363325758,0.7099104325389227,9.409016152201248,3.361803332080868,3.8073611953782214,1.0673127828144846,7.633845697001082,9.21514898128011,1.1932017870170029,9.225846542911636,9.93104324678227,8.073656778493518,1.465233316714711,1.978155552132426,8.981073371679214,6.244179993695994,8.972090028379936,7.679945183023516,3.904894519859817,6.2355730648700405,6.337181062945331,0.811710583636664,0.3907452959533657,2.768205631635716,2.9385921776902073,9.03740115785898,5.1625800347547015,9.280750911350635,8.625257073656961,4.93013091825249,8.119928556224163,8.779158940623788,9.35366940027297,5.931518993614816,7.109809337590031,9.112955783155748,1.6540046977062364,4.695240432116662,6.609691176011152,1.1917521314208397,2.7466418710938285,7.736838316787685,2.6063521969378636,9.270068853610187,2.729670520022357,3.270846257374229,1.648848097679391,5.23133021136112,4.545093788422378,9.262743089093084,2.43465756048015,3.7921046175304305,6.406033604253354,0.05725364902680674,3.356436278751964,2.7254102683681563,0.029361693543970446,4.4659913105489535,9.192666367785066,1.5671334227189444,6.367788161377895,9.906420264068052,4.568849978428932,3.822347052608526,8.572545097695295,6.0806045970248555,0.9467554601746215,1.4285463421493407,9.64241780726787,7.766189315086592,7.717578597562749,6.1605571188404715,9.626978976192866,9.563551785898255,6.480752324603987,0.7771009642661557,4.3514981938296025,5.9020344667528155,0.7834812024486855,3.011744633108865,4.418100946948115,7.254666944694289,1.4769550068019655,
-----
7.155944740478807,8.757923707255966,8.406008810858783,1.08512785786486,0.9831583234423871,0.3303623294585165,7.122990237350324,8.791928974644797,3.462874677220917,0.15305183272214506,7.426983203072618,7.088330973820291,6.3322800030170185,9.294882808180047,9.852945254937033,5.810187600465465,3.1164078709083363,9.629924129997477,0.8333961778791483,2.0485267051729297,9.03991757477403,1.8499267135276725,4.147321905416616,4.606828972685392,7.797839377298434,2.6285074574532494,1.5911775377607373,5.347867035703996,9.01066916452801,5.570490768383005,1.106545611184048,2.5274615263925595,0.8044213885351592,0.1795112999133881,3.557991590646033,6.905857708224513,4.758990115674849,2.3640689681481533,9.501145778306071,1.8082987668908483,5.458397588686893,8.976857888485416,4.615019012694175,3.3747214902521385,4.0542491131468195,7.544283700823296,6.994052667835433,6.994362547550825,4.618940536806461,0.692704973359211,1.2043769778394484,0.36442637032631353,3.617907522328019,2.81503601712454,2.905250164843266,2.7428180128585664,6.5704323313178055,4.245960604651708,3.920616271218538,3.7833124055383127,1.8962616565675372,5.626118335901456,0.9172267944498351,3.847379347536534,0.06052638809500266,2.2352271529602197,1.3047331722800362,0.8802580561572277,6.432181540198698,4.861224041175726,7.619658952230772,6.819719027858186,8.76142574316071,0.24710967787159,6.489134303157739,9.074320845515569,4.859289382474584,0.31929062504357475,0.29176489848282294,9.863825452977398,2.9278178730381486,5.250830122920817,8.841990216450574,8.157792808506487,6.042009615694694,0.9501170167452937,4.820768326603666,5.579239789749257,3.5249013691778686,6.790081774694102,0.25941584348491276,8.958604151245986,5.384931552264538,4.305190336534244,2.1549055102156647,8.229112513020695,1.5999424478366482,2.1830619627970416,3.2539173769982357,9.048017298885643,5.834920164747533,7.164659659910566,9.189419384142232,4.909017403907541,3.1708013256955496,4.441621387190679,5.487539015454079,3.5795457227047267,3.599415522110344,4.8013955326249045,7.4839707640706425,7.4524598372519435,7.4048614507054875,9.120468273133548,2.8981505585375906,6.845035029601427,5.104353331483004,3.843070363325758,0.7099104325389227,9.409016152201248,3.361803332080868,3.8073611953782214,1.0673127828144846,7.633845697001082,9.21514898128011,1.1932017870170029,9.225846542911636,9.93104324678227,8.073656778493518,1.465233316714711,1.978155552132426,8.981073371679214,6.244179993695994,8.972090028379936,7.679945183023516,3.904894519859817,6.2355730648700405,6.337181062945332,0.811710583636664,0.3907452959533657,2.768205631635716,2.9385921776902073,9.03740115785898,5.162580034754701,9.280750911350635,8.625257073656961,4.93013091825249,8.119928556224163,8.779158940623788,9.35366940027297,5.931518993614816,7.109809337590031,9.112955783155748,1.6540046977062364,4.695240432116662,6.609691176011152,1.1917521314208397,2.7466418710938285,7.736838316787685,2.6063521969378636,9.270068853610187,2.729670520022357,3.270846257374229,1.648848097679391,5.23133021136112,4.545093788422378,9.262743089093084,2.43465756048015,3.7921046175304305,6.406033604253354,0.05725364902680674,3.356436278751964,2.7254102683681563,0.029361693543970446,4.4659913105489535,9.192666367785066,1.5671334227189444,6.367788161377895,9.906420264068052,4.568849978428932,3.822347052608526,8.572545097695295,6.0806045970248555,0.9467554601746215,1.4285463421493407,9.64241780726787,7.766189315086592,7.717578597562749,6.1605571188404715,9.626978976192866,9.563551785898255,6.480752324603987,0.7771009642661557,4.3514981938296025,5.9020344667528155,0.7834812024486855,3.011744633108865,4.418100946948115,7.254666944694289,1.4769550068019655,
-----
7.155944740478807,8.757923707255966,8.406008810858783,1.08512785786486,0.9831583234423871,0.3303623294585165,7.122990237350324,8.791928974644797,3.462874677220917,0.15305183272214506,7.426983203072618,7.088330973820291,6.3322800030170185,9.294882808180047,9.852945254937033,5.810187600465465,3.1164078709083363,9.629924129997477,0.8333961778791483,2.0485267051729297,9.03991757477403,1.8499267135276725,4.147321905416616,4.606828972685392,7.797839377298434,2.6285074574532494,1.5911775377607373,5.347867035703996,9.01066916452801,5.570490768383005,1.106545611184048,2.5274615263925595,0.8044213885351592,0.1795112999133881,3.557991590646033,6.905857708224513,4.758990115674849,2.3640689681481533,9.501145778306071,1.8082987668908483,5.458397588686893,8.976857888485416,4.615019012694175,3.3747214902521385,4.0542491131468195,7.544283700823296,6.994052667835433,6.994362547550825,4.618940536806461,0.692704973359211,1.2043769778394484,0.36442637032631353,3.617907522328019,2.81503601712454,2.905250164843266,2.7428180128585664,6.5704323313178055,4.245960604651708,3.920616271218538,3.7833124055383127,1.8962616565675372,5.626118335901456,0.9172267944498351,3.847379347536534,0.06052638809500266,2.2352271529602197,1.3047331722800362,0.8802580561572277,6.432181540198698,4.861224041175726,7.619658952230772,6.819719027858186,8.76142574316071,0.24710967787159,6.489134303157739,9.074320845515569,4.859289382474584,0.31929062504357475,0.29176489848282294,9.863825452977398,2.9278178730381486,5.250830122920817,8.841990216450574,8.157792808506487,6.042009615694694,0.9501170167452937,4.820768326603666,5.579239789749257,3.5249013691778686,6.790081774694102,0.25941584348491276,8.958604151245986,5.384931552264538,4.305190336534244,2.1549055102156647,8.229112513020695,1.5999424478366482,2.1830619627970416,3.2539173769982357,9.048017298885643,5.834920164747532,7.164659659910566,9.189419384142232,4.909017403907541,3.1708013256955496,4.441621387190679,5.487539015454079,3.5795457227047267,3.599415522110344,4.801395532624905,7.4839707640706425,7.4524598372519435,7.4048614507054875,9.120468273133548,2.8981505585375906,6.845035029601428,5.104353331483004,3.843070363325758,0.7099104325389227,9.409016152201248,3.361803332080868,3.8073611953782214,1.0673127828144846,7.633845697001082,9.21514898128011,1.1932017870170029,9.225846542911636,9.931043246782268,8.073656778493518,1.465233316714711,1.978155552132426,8.981073371679214,6.244179993695994,8.972090028379936,7.679945183023516,3.904894519859817,6.2355730648700405,6.33718106294533,0.811710583636664,0.3907452959533657,2.768205631635716,2.9385921776902073,9.03740115785898,5.162580034754701,9.280750911350635,8.625257073656961,4.93013091825249,8.119928556224163,8.779158940623788,9.35366940027297,5.931518993614816,7.109809337590031,9.112955783155748,1.6540046977062364,4.695240432116662,6.609691176011152,1.1917521314208397,2.7466418710938285,7.736838316787685,2.6063521969378636,9.270068853610187,2.729670520022357,3.270846257374229,1.648848097679391,5.23133021136112,4.545093788422378,9.262743089093084,2.43465756048015,3.7921046175304305,6.406033604253354,0.05725364902680674,3.356436278751964,2.7254102683681563,0.029361693543970446,4.4659913105489535,9.192666367785066,1.5671334227189444,6.367788161377895,9.906420264068052,4.568849978428932,3.822347052608526,8.572545097695295,6.0806045970248555,0.9467554601746215,1.4285463421493407,9.64241780726787,7.766189315086592,7.717578597562749,6.160557118840471,9.626978976192866,9.563551785898255,6.480752324603987,0.7771009642661557,4.3514981938296025,5.902034466752816,0.7834812024486855,3.011744633108865,4.418100946948115,7.254666944694289,1.4769550068019655,
-----
7.155944740478807,8.757923707255966,8.406008810858783,1.08512785786486,0.9831583234423871,0.3303623294585165,7.122990237350324,8.791928974644797,3.462874677220917,0.15305183272214506,7.426983203072618,7.088330973820291,6.3322800030170185,9.294882808180047,9.852945254937033,5.810187600465465,3.1164078709083363,9.629924129997477,0.8333961778791483,2.0485267051729297,9.03991757477403,1.8499267135276725,4.147321905416616,4.606828972685392,7.797839377298434,2.6285074574532494,1.5911775377607373,5.347867035703996,9.01066916452801,5.570490768383005,1.106545611184048,2.5274615263925595,0.8044213885351592,0.1795112999133881,3.557991590646033,6.905857708224513,4.758990115674849,2.3640689681481533,9.501145778306071,1.8082987668908483,5.458397588686893,8.976857888485416,4.615019012694175,3.3747214902521385,4.0542491131468195,7.544283700823296,6.994052667835434,6.994362547550825,4.618940536806461,0.692704973359211,1.2043769778394484,0.36442637032631353,3.617907522328019,2.81503601712454,2.905250164843266,2.7428180128585664,6.5704323313178055,4.245960604651708,3.920616271218538,3.7833124055383127,1.8962616565675372,5.626118335901456,0.9172267944498351,3.847379347536534,0.06052638809500266,2.2352271529602197,1.3047331722800362,0.8802580561572277,6.432181540198698,4.861224041175726,7.619658952230772,6.819719027858186,8.76142574316071,0.24710967787159,6.489134303157739,9.074320845515569,4.859289382474584,0.31929062504357475,0.29176489848282294,9.863825452977398,2.9278178730381486,5.250830122920817,8.841990216450574,8.157792808506487,6.042009615694694,0.9501170167452937,4.820768326603666,5.579239789749257,3.5249013691778686,6.790081774694102,0.25941584348491276,8.958604151245986,5.384931552264538,4.305190336534244,2.1549055102156647,8.229112513020695,1.5999424478366482,2.1830619627970416,3.2539173769982357,9.048017298885643,5.834920164747533,7.164659659910566,9.189419384142232,4.909017403907541,3.1708013256955496,4.441621387190679,5.487539015454079,3.5795457227047267,3.599415522110344,4.8013955326249045,7.4839707640706425,7.4524598372519435,7.4048614507054875,9.120468273133548,2.8981505585375906,6.845035029601427,5.104353331483004,3.843070363325758,0.7099104325389227,9.409016152201248,3.361803332080868,3.8073611953782214,1.0673127828144846,7.633845697001082,9.21514898128011,1.1932017870170029,9.225846542911636,9.93104324678227,8.073656778493518,1.465233316714711,1.978155552132426,8.981073371679214,6.244179993695994,8.972090028379936,7.679945183023516,3.904894519859817,6.2355730648700405,6.337181062945332,0.811710583636664,0.3907452959533657,2.768205631635716,2.9385921776902073,9.03740115785898,5.162580034754701,9.280750911350635,8.625257073656961,4.93013091825249,8.119928556224163,8.779158940623788,9.35366940027297,5.931518993614816,7.109809337590031,9.112955783155748,1.6540046977062364,4.695240432116662,6.609691176011152,1.1917521314208397,2.7466418710938285,7.736838316787685,2.6063521969378636,9.270068853610187,2.729670520022357,3.270846257374229,1.648848097679391,5.23133021136112,4.545093788422378,9.262743089093084,2.43465756048015,3.7921046175304305,6.406033604253354,0.05725364902680674,3.356436278751964,2.7254102683681563,0.029361693543970446,4.4659913105489535,9.192666367785066,1.5671334227189444,6.367788161377895,9.906420264068052,4.568849978428932,3.822347052608526,8.572545097695295,6.0806045970248555,0.9467554601746215,1.4285463421493407,9.64241780726787,7.766189315086592,7.717578597562749,6.1605571188404715,9.626978976192866,9.563551785898255,6.480752324603987,0.7771009642661557,4.3514981938296025,5.9020344667528155,0.7834812024486855,3.011744633108865,4.418100946948115,7.254666944694289,1.4769550068019655,
-----
7.155944740478807,8.757923707255966,8.406008810858783,1.08512785786486,0.9831583234423871,0.3303623294585165,7.122990237350324,8.791928974644797,3.462874677220917,0.15305183272214506,7.426983203072618,7.088330973820291,6.3322800030170185,9.294882808180047,9.852945254937033,5.810187600465465,3.1164078709083363,9.629924129997477,0.8333961778791483,2.0485267051729297,9.03991757477403,1.8499267135276725,4.147321905416616,4.606828972685392,7.797839377298434,2.6285074574532494,1.5911775377607373,5.347867035703996,9.01066916452801,5.570490768383005,1.106545611184048,2.5274615263925595,0.8044213885351592,0.1795112999133881,3.557991590646033,6.905857708224513,4.758990115674849,2.3640689681481533,9.501145778306071,1.8082987668908483,5.458397588686892,8.976857888485416,4.615019012694175,3.3747214902521385,4.0542491131468195,7.544283700823296,6.994052667835433,6.994362547550825,4.618940536806461,0.692704973359211,1.2043769778394484,0.36442637032631353,3.617907522328019,2.81503601712454,2.905250164843266,2.7428180128585664,6.5704323313178055,4.245960604651708,3.920616271218538,3.7833124055383127,1.8962616565675372,5.626118335901456,0.9172267944498351,3.847379347536534,0.06052638809500266,2.2352271529602197,1.3047331722800362,0.8802580561572277,6.432181540198698,4.861224041175726,7.619658952230772,6.819719027858186,8.76142574316071,0.24710967787159,6.489134303157739,9.074320845515567,4.859289382474584,0.31929062504357475,0.29176489848282294,9.863825452977398,2.9278178730381486,5.250830122920817,8.841990216450574,8.157792808506487,6.042009615694694,0.9501170167452937,4.820768326603666,5.579239789749257,3.5249013691778686,6.790081774694102,0.25941584348491276,8.958604151245986,5.384931552264538,4.305190336534244,2.1549055102156647,8.229112513020695,1.5999424478366482,2.1830619627970416,3.2539173769982357,9.048017298885643,5.834920164747532,7.164659659910566,9.189419384142232,4.909017403907541,3.1708013256955496,4.441621387190679,5.487539015454079,3.5795457227047267,3.599415522110344,4.801395532624905,7.4839707640706425,7.4524598372519435,7.4048614507054875,9.120468273133548,2.8981505585375906,6.845035029601427,5.104353331483004,3.843070363325758,0.7099104325389227,9.409016152201248,3.361803332080868,3.8073611953782214,1.0673127828144846,7.633845697001082,9.21514898128011,1.1932017870170029,9.225846542911636,9.931043246782268,8.073656778493518,1.465233316714711,1.978155552132426,8.981073371679214,6.244179993695994,8.972090028379936,7.679945183023516,3.904894519859817,6.2355730648700405,6.33718106294533,0.811710583636664,0.3907452959533657,2.768205631635716,2.9385921776902073,9.03740115785898,5.1625800347547015,9.280750911350635,8.625257073656961,4.93013091825249,8.119928556224163,8.779158940623788,9.35366940027297,5.931518993614816,7.109809337590031,9.112955783155748,1.6540046977062364,4.695240432116662,6.609691176011152,1.1917521314208397,2.7466418710938285,7.736838316787685,2.6063521969378636,9.270068853610187,2.729670520022357,3.270846257374229,1.648848097679391,5.23133021136112,4.545093788422378,9.262743089093084,2.43465756048015,3.7921046175304305,6.406033604253354,0.05725364902680674,3.356436278751964,2.7254102683681563,0.029361693543970446,4.4659913105489535,9.192666367785066,1.5671334227189444,6.367788161377895,9.906420264068052,4.568849978428932,3.822347052608526,8.572545097695295,6.0806045970248555,0.9467554601746215,1.4285463421493407,9.64241780726787,7.766189315086592,7.717578597562749,6.1605571188404715,9.626978976192866,9.563551785898255,6.480752324603987,0.7771009642661557,4.3514981938296025,5.9020344667528155,0.7834812024486855,3.011744633108865,4.418100946948115,7.254666944694289,1.4769550068019655,
-----
7.155944740478807,8.757923707255966,8.406008810858783,1.08512785786486,0.9831583234423871,0.3303623294585165,7.122990237350324,8.791928974644797,3.462874677220917,0.15305183272214506,7.426983203072618,7.088330973820291,6.3322800030170185,9.294882808180047,9.852945254937033,5.810187600465465,3.1164078709083363,9.629924129997477,0.8333961778791483,2.0485267051729297,9.03991757477403,1.8499267135276725,4.147321905416616,4.606828972685392,7.797839377298433,2.6285074574532494,1.5911775377607373,5.347867035703996,9.01066916452801,5.570490768383005,1.106545611184048,2.5274615263925595,0.8044213885351592,0.1795112999133881,3.557991590646033,6.905857708224513,4.758990115674849,2.3640689681481533,9.501145778306071,1.8082987668908483,5.458397588686892,8.976857888485416,4.615019012694175,3.3747214902521385,4.0542491131468195,7.544283700823296,6.994052667835435,6.994362547550825,4.618940536806461,0.692704973359211,1.2043769778394484,0.36442637032631353,3.617907522328019,2.81503601712454,2.905250164843266,2.7428180128585664,6.5704323313178055,4.245960604651708,3.920616271218538,3.7833124055383127,1.8962616565675372,5.626118335901456,0.9172267944498351,3.847379347536534,0.06052638809500266,2.2352271529602197,1.3047331722800362,0.8802580561572277,6.432181540198698,4.861224041175726,7.619658952230772,6.819719027858186,8.76142574316071,0.24710967787159,6.489134303157739,9.074320845515569,4.859289382474584,0.31929062504357475,0.29176489848282294,9.863825452977398,2.9278178730381486,5.250830122920817,8.841990216450574,8.157792808506487,6.042009615694694,0.9501170167452937,4.820768326603666,5.579239789749257,3.5249013691778686,6.790081774694102,0.25941584348491276,8.958604151245986,5.384931552264538,4.305190336534244,2.1549055102156647,8.229112513020695,1.5999424478366482,2.1830619627970416,3.2539173769982357,9.048017298885643,5.834920164747532,7.164659659910566,9.189419384142232,4.909017403907541,3.1708013256955496,4.441621387190679,5.487539015454079,3.5795457227047267,3.599415522110344,4.8013955326249045,7.4839707640706425,7.4524598372519435,7.4048614507054875,9.120468273133548,2.8981505585375906,6.845035029601427,5.104353331483004,3.843070363325758,0.7099104325389227,9.409016152201248,3.361803332080868,3.8073611953782214,1.0673127828144846,7.633845697001082,9.21514898128011,1.1932017870170029,9.225846542911636,9.931043246782268,8.073656778493518,1.465233316714711,1.978155552132426,8.981073371679214,6.244179993695994,8.972090028379936,7.679945183023516,3.904894519859817,6.2355730648700405,6.337181062945331,0.811710583636664,0.3907452959533657,2.768205631635716,2.9385921776902073,9.03740115785898,5.1625800347547015,9.280750911350635,8.625257073656961,4.93013091825249,8.119928556224163,8.779158940623788,9.35366940027297,5.931518993614816,7.109809337590031,9.112955783155748,1.6540046977062364,4.695240432116662,6.609691176011152,1.1917521314208397,2.7466418710938285,7.736838316787685,2.6063521969378636,9.270068853610187,2.729670520022357,3.270846257374229,1.648848097679391,5.23133021136112,4.545093788422378,9.262743089093084,2.43465756048015,3.7921046175304305,6.406033604253354,0.05725364902680674,3.356436278751964,2.7254102683681563,0.029361693543970446,4.4659913105489535,9.192666367785066,1.5671334227189444,6.367788161377895,9.906420264068052,4.568849978428932,3.822347052608526,8.572545097695295,6.0806045970248555,0.9467554601746215,1.4285463421493407,9.64241780726787,7.766189315086592,7.717578597562749,6.1605571188404715,9.626978976192866,9.563551785898255,6.480752324603987,0.7771009642661557,4.3514981938296025,5.902034466752816,0.7834812024486855,3.011744633108865,4.418100946948115,7.254666944694289,1.4769550068019655,
