measures: |alg3 - inver|

Generations Run: 1000.0
Generation fitness average: 205.0
Overall fitness Average: 201.072
Best fitness: 210.6906506515973

Final fitness: 210.6906506515973

instances

-----
4.469535347398278,6.307751200686524,5.639657173718194,4.379842466700289,3.8420055454891298,4.999224519314836,7.969942015685891,3.605727472557045,9.34768879456749,8.521855085474888,2.5742491358987216,4.818885071287595,2.6605777110419706,9.335060563323914,7.586903598951698,1.6226969413456653,1.66494100365234,7.268394005369402,5.078121963956784,6.483139957508363,9.1088947999348,9.522228757972378,9.742293616113901,5.203388192895926,9.32658508195674,4.3447346309417725,9.514205578697684,5.0739173946762275,2.712318056450789,5.305799200935941,5.433880278994129,1.1039717599829486,5.699255776025519,3.825170648909355,3.8562436325281757,2.4751182546091464,9.950844224222381,3.521713479276621,8.029239498220123,3.306113752799825,3.4507546881093334,7.606923706392328,3.1091917759552734,5.268340220361072,0.32325091312058457,6.404731869931862,0.46371612305876486,7.933239648374296,9.497655129256366,8.710395848129883,2.273403220472154,0.5014026486631376,9.351833849759517,1.1047826711099098,9.491363137488442,9.548858485440594,5.197868046918378,2.739951818892651,4.351467375240977,6.249125039776101,3.9823931572862596,3.498390801166197,8.61041895703141,7.338385365861024,5.369138160326594,7.349089594611536,8.93104920706204,7.539150952716216,1.1279955102431547,5.4570825261026075,2.3152979531842917,4.986707809608561,7.2703824741000656,4.238169746292261,8.657658479198396,8.5662616556832,4.210402053893965,8.26621721639271,3.495252918416803,9.075962672514684,9.160070978535114,7.90594674108408,5.259120642554567,4.766531153812505,4.295856557284348,2.5874194684466216,3.472746917533531,3.8973261853034034,4.303145549469482,7.476387399345277,3.454552205638339,3.443069472051377,4.070863869010472,4.572487995766702,8.795040782387703,6.406355155268219,5.895324889611521,6.0198885642314774,7.69242736395163,5.165374503310083,3.035589302652867,8.902445504142255,3.2056020505458167,3.9899000532235576,5.78243336373328,3.941324474374988,6.022016516688744,7.982667120274849,1.071675044004375,8.454429973207057,2.355029595273738,9.187708491011405,9.748912848284856,4.246283815111307,3.6750014875755603,7.029552538444998,2.683571783096006,6.500992842046122,4.42573309511933,7.408640492757877,4.110321765992667,5.484702235002415,8.37811123270977,5.6128486099554635,1.9963036878267477,5.522999257955972,2.9283359900004595,9.206246664687693,5.365694366327412,7.90108770751168,4.009704063635853,2.4223341614094664,2.0160821271118596,1.2833726728627548,3.670703169664967,5.128908346749035,2.4589931031081744,3.181766508313597,3.956330668982128,3.2901568127695757,0.3070984458713311,2.6696230690939444,8.033058581178809,3.8195904490639476,8.52360619137423,8.253069569210385,0.9219068601678602,3.0935993266287722,3.7068320597496083,0.691853713596527,7.881738880288463,3.8358375412493437,4.0223041890576745,2.3905730452685523,2.3959128257290665,4.0478453134783905,3.3067630709051903,6.46841337797443,5.610260226047334,6.962788627250245,8.294802630984062,7.59708865647014,2.1616224764315115,7.134637460435462,1.3392538484957028,2.8735754459555096,4.8831347753987275,6.204170990122565,4.831851275786524,5.193710199498744,1.183034408112483,5.6165603921098235,8.66180604251516,5.320453530201817,2.4041588724917338,2.6836650862286175,2.3001401151763385,3.4955865604502527,2.7611953515687007,2.040401311374149,6.579152595160322,9.04144357926658,3.7604747841111545,8.43577399794891,0.3793042554982521,9.261730181912661,5.175336989476049,8.256045286495414,1.3985170865151901,3.476514673496289,2.1458148355674975,3.4850697720393695,6.027677450091712,5.803550092365542,2.533943043970288,7.093003316027426,0.9059491846059708,1.4490913122906561,5.51104350222317,4.122574114171069,
-----
4.469535347398278,6.307751200686525,5.639657173718195,4.379842466700289,3.8420055454891298,4.999224519314836,7.969942015685891,3.605727472557045,9.34768879456749,8.521855085474888,2.5742491358987216,4.818885071287595,2.66057771104197,9.335060563323914,7.586903598951698,1.6226969413456653,1.66494100365234,7.268394005369402,5.078121963956784,6.483139957508363,9.1088947999348,9.522228757972378,9.742293616113901,5.203388192895926,9.32658508195674,4.3447346309417725,9.514205578697684,5.0739173946762275,2.712318056450789,5.305799200935941,5.433880278994129,1.1039717599829486,5.699255776025519,3.8251706489093547,3.8562436325281757,2.4751182546091464,9.950844224222381,3.521713479276621,8.029239498220123,3.306113752799825,3.450754688109334,7.606923706392328,3.1091917759552734,5.268340220361072,0.32325091312058457,6.404731869931862,0.46371612305876486,7.933239648374297,9.497655129256366,8.710395848129883,2.273403220472154,0.5014026486631376,9.351833849759517,1.1047826711099098,9.491363137488442,9.548858485440594,5.197868046918378,2.739951818892651,4.351467375240977,6.249125039776101,3.9823931572862596,3.498390801166197,8.61041895703141,7.338385365861024,5.369138160326593,7.349089594611536,8.93104920706204,7.539150952716216,1.1279955102431547,5.4570825261026075,2.3152979531842917,4.986707809608561,7.2703824741000656,4.238169746292261,8.657658479198396,8.5662616556832,4.210402053893965,8.26621721639271,3.4952529184168024,9.075962672514684,9.160070978535114,7.90594674108408,5.259120642554567,4.766531153812505,4.295856557284348,2.5874194684466216,3.472746917533531,3.8973261853034034,4.303145549469482,7.476387399345277,3.454552205638339,3.443069472051377,4.070863869010472,4.572487995766702,8.795040782387703,6.406355155268219,5.895324889611521,6.0198885642314774,7.69242736395163,5.165374503310083,3.035589302652867,8.902445504142255,3.2056020505458163,3.9899000532235576,5.782433363733279,3.941324474374988,6.022016516688744,7.982667120274849,1.071675044004375,8.454429973207057,2.355029595273738,9.187708491011405,9.748912848284856,4.246283815111307,3.6750014875755603,7.029552538444998,2.683571783096006,6.500992842046122,4.42573309511933,7.408640492757877,4.110321765992667,5.484702235002415,8.37811123270977,5.6128486099554635,1.9963036878267477,5.522999257955972,2.9283359900004595,9.206246664687693,5.365694366327412,7.90108770751168,4.009704063635853,2.4223341614094664,2.0160821271118596,1.2833726728627548,3.670703169664967,5.128908346749035,2.4589931031081744,3.181766508313597,3.956330668982128,3.2901568127695757,0.3070984458713311,2.6696230690939444,8.033058581178809,3.8195904490639476,8.52360619137423,8.253069569210385,0.9219068601678602,3.0935993266287722,3.7068320597496083,0.691853713596527,7.881738880288463,3.8358375412493437,4.0223041890576745,2.3905730452685523,2.3959128257290665,4.0478453134783905,3.3067630709051903,6.46841337797443,5.610260226047334,6.962788627250245,8.294802630984062,7.59708865647014,2.1616224764315115,7.134637460435462,1.3392538484957028,2.8735754459555096,4.8831347753987275,6.204170990122565,4.831851275786524,5.193710199498744,1.183034408112483,5.6165603921098235,8.66180604251516,5.320453530201817,2.4041588724917338,2.6836650862286175,2.3001401151763385,3.4955865604502527,2.7611953515687007,2.040401311374149,6.579152595160322,9.04144357926658,3.7604747841111545,8.43577399794891,0.3793042554982521,9.261730181912661,5.175336989476049,8.256045286495414,1.3985170865151901,3.476514673496289,2.1458148355674975,3.4850697720393695,6.027677450091712,5.803550092365542,2.533943043970288,7.093003316027426,0.9059491846059708,1.4490913122906561,5.51104350222317,4.122574114171069,
-----
4.469535347398278,6.307751200686524,5.639657173718195,4.379842466700289,3.8420055454891298,4.999224519314836,7.969942015685891,3.605727472557045,9.34768879456749,8.521855085474888,2.5742491358987216,4.818885071287595,2.6605777110419706,9.335060563323914,7.586903598951698,1.6226969413456653,1.66494100365234,7.268394005369402,5.078121963956784,6.483139957508363,9.1088947999348,9.522228757972378,9.742293616113901,5.203388192895926,9.32658508195674,4.3447346309417725,9.514205578697684,5.0739173946762275,2.712318056450789,5.305799200935941,5.433880278994129,1.1039717599829486,5.699255776025519,3.8251706489093547,3.8562436325281757,2.4751182546091464,9.950844224222381,3.521713479276621,8.029239498220123,3.306113752799825,3.450754688109334,7.606923706392328,3.1091917759552734,5.268340220361072,0.32325091312058457,6.404731869931862,0.46371612305876486,7.933239648374297,9.497655129256366,8.710395848129883,2.273403220472154,0.5014026486631376,9.351833849759517,1.1047826711099098,9.491363137488442,9.548858485440594,5.197868046918378,2.739951818892651,4.351467375240977,6.249125039776101,3.9823931572862596,3.498390801166197,8.61041895703141,7.338385365861024,5.369138160326593,7.349089594611536,8.93104920706204,7.539150952716216,1.1279955102431547,5.4570825261026075,2.3152979531842917,4.986707809608561,7.2703824741000656,4.238169746292261,8.657658479198396,8.5662616556832,4.210402053893965,8.26621721639271,3.4952529184168024,9.075962672514684,9.160070978535114,7.90594674108408,5.259120642554567,4.766531153812505,4.295856557284348,2.5874194684466216,3.472746917533531,3.8973261853034034,4.303145549469482,7.476387399345277,3.454552205638339,3.443069472051377,4.070863869010472,4.572487995766702,8.795040782387703,6.406355155268219,5.895324889611521,6.0198885642314774,7.69242736395163,5.165374503310083,3.035589302652867,8.902445504142255,3.2056020505458163,3.9899000532235576,5.78243336373328,3.941324474374988,6.022016516688744,7.982667120274849,1.071675044004375,8.454429973207057,2.355029595273738,9.187708491011405,9.748912848284856,4.246283815111307,3.6750014875755603,7.029552538444998,2.683571783096006,6.500992842046122,4.42573309511933,7.408640492757877,4.110321765992667,5.484702235002415,8.37811123270977,5.6128486099554635,1.9963036878267477,5.522999257955972,2.9283359900004595,9.206246664687693,5.365694366327412,7.90108770751168,4.009704063635853,2.4223341614094664,2.0160821271118596,1.2833726728627548,3.670703169664967,5.128908346749035,2.4589931031081744,3.181766508313597,3.956330668982128,3.2901568127695757,0.3070984458713311,2.6696230690939444,8.033058581178809,3.8195904490639476,8.52360619137423,8.253069569210385,0.9219068601678602,3.0935993266287722,3.7068320597496083,0.691853713596527,7.881738880288463,3.8358375412493437,4.0223041890576745,2.3905730452685523,2.3959128257290665,4.0478453134783905,3.3067630709051903,6.46841337797443,5.610260226047334,6.962788627250245,8.294802630984062,7.59708865647014,2.1616224764315115,7.134637460435462,1.3392538484957028,2.8735754459555096,4.8831347753987275,6.204170990122565,4.831851275786524,5.193710199498744,1.183034408112483,5.6165603921098235,8.66180604251516,5.320453530201817,2.4041588724917338,2.6836650862286175,2.3001401151763385,3.4955865604502527,2.7611953515687007,2.040401311374149,6.579152595160322,9.04144357926658,3.7604747841111545,8.43577399794891,0.3793042554982521,9.261730181912661,5.175336989476049,8.256045286495414,1.3985170865151901,3.476514673496289,2.1458148355674975,3.4850697720393695,6.027677450091712,5.803550092365542,2.533943043970288,7.093003316027426,0.9059491846059708,1.4490913122906561,5.51104350222317,4.122574114171069,
-----
4.469535347398278,6.307751200686524,5.639657173718194,4.379842466700289,3.8420055454891298,4.999224519314836,7.969942015685891,3.605727472557045,9.34768879456749,8.521855085474888,2.5742491358987216,4.818885071287595,2.6605777110419706,9.335060563323914,7.586903598951698,1.6226969413456651,1.66494100365234,7.268394005369402,5.078121963956784,6.483139957508363,9.1088947999348,9.522228757972377,9.742293616113901,5.203388192895925,9.32658508195674,4.3447346309417725,9.514205578697684,5.0739173946762275,2.712318056450789,5.305799200935941,5.433880278994129,1.1039717599829486,5.699255776025519,3.8251706489093555,3.8562436325281757,2.4751182546091464,9.950844224222381,3.521713479276621,8.029239498220123,3.306113752799825,3.450754688109334,7.606923706392328,3.109191775955274,5.268340220361072,0.32325091312058457,6.404731869931862,0.46371612305876486,7.933239648374295,9.497655129256366,8.710395848129883,2.273403220472154,0.5014026486631376,9.351833849759517,1.1047826711099098,9.491363137488442,9.548858485440594,5.197868046918378,2.739951818892651,4.351467375240977,6.249125039776101,3.9823931572862596,3.498390801166197,8.61041895703141,7.338385365861024,5.369138160326593,7.349089594611536,8.93104920706204,7.539150952716216,1.1279955102431547,5.4570825261026075,2.3152979531842917,4.986707809608561,7.2703824741000656,4.238169746292261,8.657658479198396,8.5662616556832,4.210402053893965,8.26621721639271,3.495252918416802,9.075962672514684,9.160070978535114,7.90594674108408,5.259120642554567,4.766531153812505,4.295856557284348,2.5874194684466216,3.472746917533531,3.8973261853034034,4.303145549469482,7.476387399345276,3.4545522056383384,3.4430694720513766,4.070863869010472,4.572487995766702,8.795040782387703,6.406355155268219,5.895324889611521,6.0198885642314774,7.69242736395163,5.165374503310083,3.035589302652867,8.902445504142255,3.2056020505458163,3.989900053223558,5.78243336373328,3.941324474374988,6.022016516688744,7.982667120274848,1.071675044004375,8.454429973207057,2.355029595273738,9.187708491011405,9.748912848284856,4.246283815111307,3.6750014875755603,7.029552538444998,2.683571783096006,6.500992842046122,4.42573309511933,7.408640492757877,4.110321765992667,5.484702235002415,8.37811123270977,5.6128486099554635,1.9963036878267477,5.522999257955972,2.9283359900004595,9.206246664687693,5.365694366327412,7.90108770751168,4.009704063635853,2.4223341614094664,2.0160821271118596,1.2833726728627548,3.670703169664967,5.128908346749035,2.4589931031081744,3.1817665083135975,3.956330668982128,3.2901568127695757,0.3070984458713311,2.6696230690939444,8.033058581178809,3.8195904490639476,8.52360619137423,8.253069569210385,0.9219068601678602,3.0935993266287722,3.7068320597496083,0.691853713596527,7.881738880288463,3.8358375412493437,4.0223041890576745,2.3905730452685523,2.3959128257290665,4.0478453134783905,3.3067630709051903,6.46841337797443,5.610260226047334,6.962788627250245,8.294802630984062,7.597088656470139,2.1616224764315115,7.134637460435462,1.3392538484957028,2.8735754459555096,4.8831347753987275,6.204170990122565,4.831851275786524,5.193710199498743,1.183034408112483,5.6165603921098235,8.66180604251516,5.320453530201817,2.4041588724917338,2.6836650862286175,2.3001401151763385,3.4955865604502527,2.7611953515687007,2.040401311374149,6.579152595160322,9.04144357926658,3.7604747841111545,8.43577399794891,0.3793042554982521,9.261730181912661,5.175336989476049,8.256045286495414,1.3985170865151901,3.476514673496289,2.1458148355674975,3.4850697720393695,6.027677450091711,5.803550092365542,2.533943043970288,7.093003316027426,0.9059491846059708,1.4490913122906561,5.51104350222317,4.122574114171069,
-----
4.469535347398278,6.307751200686524,5.639657173718194,4.379842466700289,3.8420055454891298,4.999224519314836,7.969942015685891,3.605727472557045,9.34768879456749,8.521855085474888,2.5742491358987216,4.818885071287595,2.6605777110419706,9.335060563323914,7.586903598951698,1.6226969413456653,1.66494100365234,7.268394005369402,5.078121963956784,6.483139957508362,9.1088947999348,9.522228757972378,9.742293616113901,5.203388192895926,9.32658508195674,4.3447346309417725,9.514205578697684,5.0739173946762275,2.712318056450789,5.305799200935941,5.433880278994129,1.1039717599829486,5.699255776025519,3.825170648909355,3.8562436325281757,2.4751182546091464,9.950844224222381,3.521713479276621,8.029239498220123,3.306113752799825,3.450754688109334,7.606923706392328,3.109191775955274,5.268340220361072,0.32325091312058457,6.404731869931862,0.46371612305876486,7.933239648374295,9.497655129256366,8.710395848129883,2.273403220472154,0.5014026486631376,9.351833849759517,1.1047826711099098,9.491363137488442,9.548858485440594,5.197868046918378,2.739951818892651,4.351467375240977,6.249125039776101,3.9823931572862596,3.498390801166197,8.61041895703141,7.338385365861024,5.369138160326593,7.349089594611536,8.93104920706204,7.539150952716216,1.1279955102431547,5.4570825261026075,2.3152979531842917,4.986707809608561,7.2703824741000656,4.238169746292261,8.657658479198396,8.5662616556832,4.210402053893965,8.26621721639271,3.4952529184168024,9.075962672514684,9.160070978535114,7.90594674108408,5.259120642554567,4.766531153812505,4.295856557284348,2.5874194684466216,3.472746917533531,3.8973261853034034,4.303145549469482,7.476387399345276,3.454552205638339,3.4430694720513766,4.070863869010472,4.572487995766702,8.795040782387703,6.406355155268219,5.895324889611521,6.0198885642314774,7.69242736395163,5.165374503310083,3.035589302652867,8.902445504142255,3.2056020505458163,3.9899000532235576,5.78243336373328,3.941324474374988,6.022016516688744,7.982667120274849,1.071675044004375,8.454429973207057,2.355029595273738,9.187708491011405,9.748912848284856,4.246283815111307,3.6750014875755603,7.029552538444998,2.683571783096006,6.500992842046122,4.42573309511933,7.408640492757877,4.110321765992667,5.484702235002415,8.37811123270977,5.6128486099554635,1.9963036878267477,5.522999257955972,2.9283359900004595,9.206246664687693,5.365694366327412,7.90108770751168,4.009704063635853,2.4223341614094664,2.0160821271118596,1.2833726728627548,3.670703169664967,5.128908346749035,2.4589931031081744,3.1817665083135975,3.956330668982128,3.2901568127695757,0.3070984458713311,2.6696230690939444,8.033058581178809,3.819590449063948,8.52360619137423,8.253069569210385,0.9219068601678602,3.0935993266287722,3.7068320597496083,0.691853713596527,7.881738880288463,3.8358375412493437,4.0223041890576745,2.3905730452685523,2.3959128257290665,4.0478453134783905,3.3067630709051903,6.46841337797443,5.610260226047334,6.962788627250245,8.294802630984062,7.59708865647014,2.1616224764315115,7.134637460435462,1.3392538484957028,2.8735754459555096,4.8831347753987275,6.204170990122565,4.831851275786524,5.193710199498744,1.183034408112483,5.6165603921098235,8.66180604251516,5.320453530201817,2.4041588724917338,2.6836650862286175,2.3001401151763385,3.4955865604502527,2.7611953515687007,2.040401311374149,6.579152595160322,9.04144357926658,3.7604747841111545,8.43577399794891,0.3793042554982521,9.261730181912661,5.175336989476049,8.256045286495414,1.3985170865151901,3.476514673496289,2.1458148355674975,3.4850697720393695,6.027677450091712,5.803550092365542,2.533943043970288,7.093003316027426,0.9059491846059708,1.4490913122906561,5.51104350222317,4.122574114171069,
-----
4.469535347398278,6.307751200686525,5.639657173718195,4.379842466700289,3.8420055454891298,4.999224519314836,7.969942015685891,3.605727472557045,9.34768879456749,8.521855085474888,2.5742491358987216,4.818885071287595,2.66057771104197,9.335060563323914,7.586903598951698,1.6226969413456653,1.66494100365234,7.268394005369402,5.078121963956784,6.483139957508362,9.1088947999348,9.522228757972378,9.742293616113901,5.203388192895926,9.32658508195674,4.3447346309417725,9.514205578697684,5.0739173946762275,2.712318056450789,5.305799200935941,5.433880278994129,1.1039717599829486,5.69925577602552,3.8251706489093547,3.8562436325281757,2.4751182546091464,9.950844224222381,3.521713479276621,8.029239498220123,3.306113752799825,3.4507546881093334,7.606923706392328,3.1091917759552734,5.268340220361072,0.32325091312058457,6.404731869931862,0.46371612305876486,7.933239648374296,9.497655129256366,8.710395848129883,2.273403220472154,0.5014026486631376,9.351833849759517,1.1047826711099098,9.491363137488442,9.548858485440594,5.197868046918378,2.739951818892651,4.351467375240977,6.2491250397761,3.9823931572862596,3.498390801166197,8.61041895703141,7.338385365861024,5.369138160326594,7.349089594611536,8.93104920706204,7.539150952716216,1.1279955102431547,5.4570825261026075,2.3152979531842917,4.986707809608561,7.2703824741000656,4.238169746292261,8.657658479198396,8.5662616556832,4.210402053893965,8.26621721639271,3.495252918416803,9.075962672514684,9.160070978535114,7.90594674108408,5.259120642554567,4.766531153812505,4.295856557284348,2.5874194684466216,3.472746917533531,3.8973261853034034,4.303145549469482,7.476387399345277,3.454552205638339,3.443069472051377,4.070863869010472,4.572487995766702,8.795040782387703,6.406355155268219,5.895324889611521,6.0198885642314774,7.69242736395163,5.165374503310083,3.035589302652867,8.902445504142255,3.2056020505458163,3.9899000532235576,5.782433363733279,3.941324474374988,6.022016516688744,7.982667120274849,1.071675044004375,8.454429973207057,2.355029595273738,9.187708491011405,9.748912848284856,4.246283815111307,3.6750014875755603,7.029552538444998,2.683571783096006,6.500992842046122,4.42573309511933,7.408640492757877,4.110321765992667,5.484702235002415,8.37811123270977,5.6128486099554635,1.9963036878267477,5.522999257955972,2.9283359900004595,9.206246664687693,5.365694366327412,7.90108770751168,4.009704063635853,2.4223341614094664,2.0160821271118596,1.2833726728627548,3.670703169664967,5.128908346749035,2.4589931031081744,3.181766508313597,3.956330668982128,3.2901568127695757,0.3070984458713311,2.6696230690939444,8.033058581178809,3.8195904490639476,8.52360619137423,8.253069569210385,0.9219068601678602,3.0935993266287722,3.7068320597496083,0.691853713596527,7.881738880288463,3.8358375412493437,4.0223041890576745,2.3905730452685523,2.3959128257290665,4.0478453134783905,3.3067630709051903,6.46841337797443,5.610260226047334,6.962788627250245,8.294802630984062,7.59708865647014,2.1616224764315115,7.134637460435462,1.3392538484957028,2.8735754459555096,4.8831347753987275,6.204170990122565,4.831851275786524,5.193710199498744,1.183034408112483,5.6165603921098235,8.66180604251516,5.320453530201817,2.4041588724917338,2.6836650862286175,2.3001401151763385,3.4955865604502527,2.7611953515687007,2.040401311374149,6.579152595160322,9.04144357926658,3.7604747841111545,8.43577399794891,0.3793042554982521,9.261730181912661,5.175336989476049,8.256045286495414,1.3985170865151901,3.476514673496289,2.1458148355674975,3.4850697720393695,6.027677450091712,5.803550092365542,2.533943043970288,7.093003316027426,0.9059491846059708,1.4490913122906561,5.51104350222317,4.122574114171069,
-----
4.469535347398278,6.307751200686524,5.639657173718194,4.379842466700289,3.8420055454891298,4.999224519314836,7.969942015685891,3.605727472557045,9.34768879456749,8.521855085474888,2.5742491358987216,4.818885071287595,2.6605777110419706,9.335060563323914,7.586903598951698,1.6226969413456653,1.66494100365234,7.268394005369402,5.078121963956784,6.483139957508362,9.1088947999348,9.522228757972378,9.742293616113901,5.203388192895926,9.32658508195674,4.3447346309417725,9.514205578697684,5.0739173946762275,2.712318056450789,5.305799200935941,5.433880278994129,1.1039717599829486,5.699255776025519,3.825170648909355,3.8562436325281757,2.4751182546091464,9.950844224222381,3.521713479276621,8.029239498220123,3.306113752799825,3.4507546881093334,7.606923706392328,3.109191775955274,5.268340220361072,0.32325091312058457,6.404731869931862,0.46371612305876486,7.933239648374296,9.497655129256366,8.710395848129883,2.273403220472154,0.5014026486631376,9.351833849759517,1.1047826711099098,9.491363137488442,9.548858485440594,5.197868046918378,2.739951818892651,4.351467375240977,6.249125039776101,3.9823931572862596,3.498390801166197,8.61041895703141,7.338385365861024,5.369138160326593,7.349089594611536,8.93104920706204,7.539150952716216,1.1279955102431547,5.4570825261026075,2.3152979531842917,4.986707809608561,7.2703824741000656,4.238169746292261,8.657658479198396,8.5662616556832,4.210402053893965,8.26621721639271,3.495252918416803,9.075962672514684,9.160070978535114,7.90594674108408,5.259120642554567,4.766531153812505,4.295856557284348,2.5874194684466216,3.472746917533531,3.8973261853034034,4.303145549469482,7.476387399345277,3.454552205638339,3.443069472051377,4.070863869010472,4.572487995766702,8.795040782387703,6.406355155268219,5.895324889611521,6.0198885642314774,7.69242736395163,5.165374503310083,3.035589302652867,8.902445504142255,3.2056020505458167,3.9899000532235576,5.78243336373328,3.941324474374988,6.022016516688744,7.982667120274849,1.071675044004375,8.454429973207057,2.355029595273738,9.187708491011405,9.748912848284856,4.246283815111307,3.6750014875755603,7.029552538444998,2.683571783096006,6.500992842046122,4.42573309511933,7.408640492757877,4.110321765992667,5.484702235002415,8.37811123270977,5.6128486099554635,1.9963036878267477,5.522999257955972,2.9283359900004595,9.206246664687693,5.365694366327412,7.90108770751168,4.009704063635853,2.4223341614094664,2.0160821271118596,1.2833726728627548,3.670703169664967,5.128908346749035,2.4589931031081744,3.1817665083135975,3.956330668982128,3.290156812769576,0.3070984458713311,2.6696230690939444,8.033058581178809,3.819590449063948,8.52360619137423,8.253069569210385,0.9219068601678602,3.0935993266287722,3.7068320597496083,0.691853713596527,7.881738880288463,3.8358375412493437,4.0223041890576745,2.3905730452685523,2.3959128257290665,4.0478453134783905,3.3067630709051903,6.46841337797443,5.610260226047334,6.962788627250245,8.294802630984062,7.59708865647014,2.1616224764315115,7.134637460435462,1.3392538484957028,2.8735754459555096,4.8831347753987275,6.204170990122565,4.831851275786524,5.193710199498744,1.183034408112483,5.6165603921098235,8.66180604251516,5.320453530201817,2.4041588724917338,2.6836650862286175,2.3001401151763385,3.4955865604502527,2.7611953515687007,2.040401311374149,6.579152595160322,9.04144357926658,3.7604747841111545,8.43577399794891,0.3793042554982521,9.261730181912661,5.175336989476049,8.256045286495414,1.3985170865151901,3.476514673496289,2.1458148355674975,3.4850697720393695,6.027677450091712,5.803550092365542,2.533943043970288,7.093003316027426,0.9059491846059708,1.4490913122906561,5.51104350222317,4.122574114171069,
-----
4.469535347398278,6.307751200686524,5.639657173718194,4.379842466700289,3.8420055454891298,4.999224519314836,7.969942015685891,3.605727472557045,9.34768879456749,8.521855085474888,2.5742491358987216,4.818885071287595,2.6605777110419706,9.335060563323914,7.586903598951698,1.6226969413456653,1.66494100365234,7.268394005369402,5.078121963956784,6.483139957508363,9.1088947999348,9.522228757972378,9.742293616113901,5.203388192895926,9.32658508195674,4.3447346309417725,9.514205578697684,5.0739173946762275,2.712318056450789,5.305799200935941,5.433880278994129,1.1039717599829486,5.699255776025519,3.8251706489093547,3.8562436325281757,2.4751182546091464,9.950844224222381,3.521713479276621,8.029239498220123,3.306113752799825,3.450754688109334,7.606923706392328,3.1091917759552734,5.268340220361072,0.32325091312058457,6.404731869931862,0.46371612305876486,7.933239648374297,9.497655129256366,8.710395848129883,2.273403220472154,0.5014026486631376,9.351833849759517,1.1047826711099098,9.491363137488442,9.548858485440594,5.197868046918378,2.739951818892651,4.351467375240977,6.249125039776101,3.9823931572862596,3.498390801166197,8.61041895703141,7.338385365861024,5.369138160326594,7.349089594611536,8.93104920706204,7.539150952716216,1.1279955102431547,5.4570825261026075,2.3152979531842917,4.986707809608561,7.2703824741000656,4.238169746292261,8.657658479198396,8.5662616556832,4.210402053893965,8.26621721639271,3.495252918416803,9.075962672514684,9.160070978535114,7.90594674108408,5.259120642554567,4.766531153812505,4.295856557284348,2.5874194684466216,3.472746917533531,3.8973261853034034,4.303145549469482,7.476387399345277,3.454552205638339,3.443069472051377,4.070863869010472,4.572487995766702,8.795040782387703,6.406355155268219,5.895324889611521,6.0198885642314774,7.69242736395163,5.165374503310083,3.035589302652867,8.902445504142255,3.2056020505458163,3.9899000532235576,5.78243336373328,3.941324474374988,6.022016516688744,7.982667120274849,1.071675044004375,8.454429973207057,2.355029595273738,9.187708491011405,9.748912848284856,4.246283815111307,3.6750014875755603,7.029552538444998,2.683571783096006,6.500992842046122,4.42573309511933,7.408640492757877,4.110321765992667,5.484702235002415,8.37811123270977,5.6128486099554635,1.9963036878267477,5.522999257955972,2.9283359900004595,9.206246664687693,5.365694366327412,7.90108770751168,4.009704063635853,2.4223341614094664,2.0160821271118596,1.2833726728627548,3.670703169664967,5.128908346749035,2.4589931031081744,3.181766508313597,3.956330668982128,3.2901568127695757,0.3070984458713311,2.6696230690939444,8.033058581178809,3.8195904490639476,8.52360619137423,8.253069569210385,0.9219068601678602,3.0935993266287722,3.7068320597496083,0.691853713596527,7.881738880288463,3.8358375412493437,4.0223041890576745,2.3905730452685523,2.3959128257290665,4.0478453134783905,3.3067630709051903,6.46841337797443,5.610260226047334,6.962788627250245,8.294802630984062,7.59708865647014,2.1616224764315115,7.134637460435462,1.3392538484957028,2.8735754459555096,4.8831347753987275,6.204170990122565,4.831851275786524,5.193710199498744,1.183034408112483,5.6165603921098235,8.66180604251516,5.320453530201817,2.4041588724917338,2.6836650862286175,2.3001401151763385,3.4955865604502527,2.7611953515687007,2.040401311374149,6.579152595160322,9.04144357926658,3.7604747841111545,8.43577399794891,0.3793042554982521,9.261730181912661,5.175336989476049,8.256045286495414,1.3985170865151901,3.476514673496289,2.1458148355674975,3.4850697720393695,6.027677450091712,5.803550092365542,2.533943043970288,7.093003316027426,0.9059491846059708,1.4490913122906561,5.51104350222317,4.122574114171069,
-----
4.469535347398278,6.307751200686524,5.639657173718194,4.379842466700289,3.8420055454891298,4.999224519314836,7.969942015685891,3.605727472557045,9.34768879456749,8.521855085474888,2.5742491358987216,4.818885071287595,2.6605777110419706,9.335060563323914,7.586903598951698,1.6226969413456653,1.66494100365234,7.268394005369402,5.078121963956784,6.483139957508363,9.1088947999348,9.522228757972377,9.742293616113901,5.203388192895926,9.32658508195674,4.3447346309417725,9.514205578697684,5.0739173946762275,2.712318056450789,5.305799200935941,5.433880278994129,1.1039717599829486,5.699255776025519,3.8251706489093555,3.8562436325281757,2.4751182546091464,9.950844224222381,3.521713479276621,8.029239498220123,3.306113752799825,3.450754688109334,7.606923706392328,3.109191775955274,5.268340220361072,0.32325091312058457,6.404731869931862,0.46371612305876486,7.933239648374297,9.497655129256366,8.710395848129883,2.273403220472154,0.5014026486631376,9.351833849759517,1.1047826711099098,9.491363137488442,9.548858485440594,5.197868046918378,2.739951818892651,4.351467375240977,6.249125039776101,3.9823931572862596,3.498390801166197,8.61041895703141,7.338385365861024,5.369138160326592,7.349089594611536,8.93104920706204,7.539150952716216,1.1279955102431547,5.4570825261026075,2.3152979531842917,4.986707809608561,7.2703824741000656,4.238169746292261,8.657658479198396,8.5662616556832,4.210402053893965,8.26621721639271,3.495252918416802,9.075962672514684,9.160070978535114,7.90594674108408,5.259120642554567,4.766531153812505,4.295856557284348,2.5874194684466216,3.472746917533531,3.8973261853034034,4.303145549469482,7.476387399345276,3.454552205638339,3.443069472051377,4.070863869010472,4.572487995766702,8.795040782387703,6.406355155268219,5.895324889611521,6.0198885642314774,7.69242736395163,5.165374503310083,3.035589302652867,8.902445504142255,3.2056020505458163,3.989900053223558,5.78243336373328,3.941324474374988,6.022016516688744,7.982667120274849,1.071675044004375,8.454429973207057,2.355029595273738,9.187708491011405,9.748912848284856,4.246283815111307,3.6750014875755603,7.029552538444998,2.6835717830960064,6.500992842046122,4.42573309511933,7.408640492757877,4.110321765992667,5.484702235002415,8.37811123270977,5.6128486099554635,1.9963036878267477,5.522999257955972,2.9283359900004595,9.206246664687693,5.365694366327412,7.90108770751168,4.009704063635853,2.4223341614094664,2.0160821271118596,1.2833726728627548,3.670703169664967,5.128908346749035,2.4589931031081744,3.1817665083135975,3.956330668982128,3.2901568127695757,0.3070984458713311,2.6696230690939444,8.033058581178809,3.8195904490639476,8.52360619137423,8.253069569210385,0.9219068601678602,3.0935993266287722,3.7068320597496083,0.691853713596527,7.881738880288463,3.8358375412493437,4.0223041890576745,2.3905730452685523,2.3959128257290665,4.0478453134783905,3.3067630709051903,6.46841337797443,5.610260226047334,6.962788627250244,8.294802630984062,7.59708865647014,2.1616224764315115,7.134637460435462,1.3392538484957028,2.8735754459555096,4.8831347753987275,6.204170990122565,4.831851275786524,5.193710199498744,1.183034408112483,5.6165603921098235,8.66180604251516,5.320453530201817,2.4041588724917338,2.6836650862286175,2.3001401151763385,3.4955865604502527,2.7611953515687007,2.040401311374149,6.579152595160322,9.04144357926658,3.760474784111154,8.43577399794891,0.3793042554982521,9.261730181912661,5.175336989476049,8.256045286495414,1.3985170865151901,3.476514673496289,2.1458148355674975,3.4850697720393695,6.027677450091712,5.803550092365542,2.533943043970288,7.093003316027426,0.9059491846059708,1.4490913122906561,5.51104350222317,4.122574114171069,
-----
4.469535347398278,6.307751200686524,5.639657173718195,4.379842466700289,3.8420055454891298,4.999224519314836,7.969942015685891,3.605727472557045,9.34768879456749,8.521855085474888,2.5742491358987216,4.818885071287595,2.6605777110419706,9.335060563323914,7.586903598951698,1.6226969413456653,1.66494100365234,7.268394005369402,5.078121963956784,6.483139957508363,9.1088947999348,9.522228757972378,9.742293616113901,5.203388192895925,9.32658508195674,4.3447346309417725,9.514205578697684,5.0739173946762275,2.712318056450789,5.305799200935941,5.433880278994129,1.1039717599829486,5.699255776025519,3.8251706489093555,3.8562436325281757,2.4751182546091464,9.950844224222381,3.521713479276621,8.029239498220123,3.306113752799825,3.450754688109334,7.606923706392328,3.1091917759552734,5.268340220361072,0.32325091312058457,6.404731869931862,0.46371612305876486,7.933239648374297,9.497655129256366,8.710395848129883,2.273403220472154,0.5014026486631376,9.351833849759517,1.1047826711099098,9.491363137488442,9.548858485440594,5.197868046918378,2.739951818892651,4.351467375240977,6.249125039776101,3.9823931572862596,3.498390801166197,8.61041895703141,7.338385365861024,5.369138160326592,7.349089594611536,8.93104920706204,7.539150952716216,1.1279955102431547,5.4570825261026075,2.3152979531842917,4.986707809608561,7.2703824741000656,4.238169746292261,8.657658479198396,8.5662616556832,4.210402053893965,8.26621721639271,3.495252918416802,9.075962672514684,9.160070978535114,7.90594674108408,5.259120642554567,4.766531153812505,4.295856557284348,2.5874194684466216,3.472746917533531,3.8973261853034034,4.303145549469482,7.476387399345276,3.454552205638339,3.443069472051377,4.070863869010472,4.572487995766702,8.795040782387703,6.406355155268219,5.895324889611521,6.0198885642314774,7.69242736395163,5.165374503310083,3.035589302652867,8.902445504142255,3.2056020505458163,3.9899000532235576,5.78243336373328,3.941324474374988,6.022016516688744,7.982667120274848,1.071675044004375,8.454429973207057,2.355029595273738,9.187708491011405,9.748912848284856,4.246283815111307,3.6750014875755603,7.029552538444998,2.683571783096006,6.500992842046122,4.42573309511933,7.408640492757877,4.110321765992667,5.484702235002415,8.37811123270977,5.6128486099554635,1.9963036878267477,5.522999257955972,2.9283359900004595,9.206246664687693,5.365694366327412,7.90108770751168,4.009704063635853,2.4223341614094664,2.0160821271118596,1.2833726728627548,3.670703169664967,5.128908346749035,2.4589931031081744,3.181766508313597,3.956330668982128,3.2901568127695757,0.3070984458713311,2.6696230690939444,8.033058581178809,3.8195904490639476,8.52360619137423,8.253069569210385,0.9219068601678602,3.0935993266287722,3.7068320597496083,0.691853713596527,7.881738880288463,3.8358375412493437,4.0223041890576745,2.3905730452685523,2.3959128257290665,4.0478453134783905,3.3067630709051903,6.46841337797443,5.610260226047334,6.962788627250245,8.294802630984062,7.59708865647014,2.1616224764315115,7.134637460435462,1.3392538484957028,2.8735754459555096,4.8831347753987275,6.204170990122565,4.831851275786524,5.193710199498743,1.183034408112483,5.6165603921098235,8.66180604251516,5.320453530201817,2.4041588724917338,2.6836650862286175,2.3001401151763385,3.4955865604502527,2.7611953515687007,2.040401311374149,6.579152595160322,9.04144357926658,3.7604747841111545,8.43577399794891,0.3793042554982521,9.261730181912661,5.175336989476049,8.256045286495414,1.3985170865151901,3.476514673496289,2.1458148355674975,3.4850697720393695,6.027677450091712,5.803550092365542,2.533943043970288,7.093003316027426,0.9059491846059708,1.4490913122906561,5.51104350222317,4.122574114171069,
