measures alg3/inver using super and mean

Generations Run: 1000.0
Generation fitness average: 0.0
Overall fitness Average: 0.0
Best fitness: 0.7195462684111311

Final fitness: 0.7195462684111311
instances

-----
7.901548917119941,5.772809116153905,2.7646691977577813,5.083013675621763,9.456312831552069,7.984401634018148,4.761531187575763,6.117962417978605,7.143840657720604,5.8232766605110475,3.005439936849198,6.926156901816668,5.834893296973964,4.430657858478592,4.729939038673105,7.465663872287598,4.136619479207663,7.8157881082218665,2.5212472972008344,2.0138821668483113,8.331010827724135,4.460998358874347,3.3343644551652503,7.435949334917494,8.844796391125582,3.8760119681268916,2.3724378413603526,5.4562843896215565,6.795165617325019,4.915769534440151,5.494671874983119,6.816548514866762,4.292125239706139,7.926879640559283,2.173386882649422,2.7334072133673937,4.007679735699307,5.806456435339243,3.387242016232859,4.645657201381298,1.8668125035977825,5.947503802791353,8.92231715179666,3.840348713914919,1.7374983847715892,4.475868733282139,4.690256906585217,5.584109222275414,4.403448025675564,3.396238713240524,3.5696434620218724,4.00250649116424,7.23343648855106,4.70252812630349,4.5964819243958175,3.2354299323471127,6.039886764843828,1.6500196275772065,4.431113624740428,3.6634450980432716,7.2061118829409825,5.467448634104935,7.2348580441905685,6.410952966464636,8.42058026880424,4.656453669516193,4.706200550866526,1.4994889830672233,1.1767389968583195,7.363351690855706,5.3179254368263695,4.020938254519148,4.234765474722277,6.8374515919481045,6.500464332163894,2.449410753322665,6.400574858993727,5.122431458614407,5.768278418210606,6.6018821975778295,3.711865373260405,3.7588603043316073,2.8563151877225454,2.5236740590460545,5.256473215218386,5.646082822548309,5.490110827190463,5.914172207668537,4.80667951660376,5.653936171580171,3.407258152927188,5.966959490793402,4.805560251035174,4.037044620065763,4.956873961694842,6.082146949823973,6.575763260694638,7.063871408772695,4.166911303912762,3.36200949146337,5.8540453236662895,5.461895094452848,8.147851548703057,3.8899643703568785,5.017301623913086,4.577035924322837,5.562031509350136,4.367457552374684,3.4294965002391544,5.568609733859487,4.82716254568373,4.36858699338989,4.043006022679869,6.936341209726425,8.50662628170756,3.791941380599483,8.817768662848199,3.3552554888127437,6.258244590466413,7.145590966099668,6.051532148987133,7.493745601256849,6.35451297747405,5.8349323628456675,7.2591931449414435,7.725717587730831,3.177408519984949,4.337928361589201,5.507785378839601,6.32902953543341,4.036266792247607,4.904271418071599,2.669819012818281,2.9743293164053917,6.961036569889972,3.489589862051968,4.891843120931579,5.270098954446119,5.214759914551378,8.756770365779541,3.8254124717653735,5.338553757667135,4.162772887260701,5.308302552068196,3.8477135653034455,7.549662794609872,3.1094286800514634,4.552519220864948,5.472668313617645,3.9540517040525094,3.9045646271273164,2.626669969957177,3.4590742416418356,4.409152239194263,2.038809749669473,7.847126315426451,7.473775239776444,3.580734233963194,7.097035616723897,5.415178749667028,2.9853786763000913,6.361036632667469,4.3164454680963145,2.4346715988075625,8.777079070018551,5.52032083677863,5.246856950893249,1.9015623765429726,8.050866249300869,3.8236625031900315,2.333935904515981,4.272555043928838,4.988622203699363,2.431762468669708,3.711481299775719,7.902357552856829,8.204022357047691,3.30873815392183,6.201074530354761,3.557648924679369,7.842978241286417,1.0381922905022982,2.58626167733929,1.528201298444138,8.383362063707363,1.9161251903779992,6.005105498916438,2.9711496478707957,2.4969412781439466,4.671912891678192,4.317851555650608,6.6754616853113795,7.3125438461663474,6.907234541858049,4.83502399760793,5.507159356219642,6.156409223163994,5.103970777941478,6.1299027222103835,4.93006761446488,
-----
7.901548917119941,5.772809116153905,2.7646691977577813,5.083013675621763,9.456312831552069,7.984401634018148,4.761531187575763,6.117962417978605,7.143840657720604,5.8232766605110475,3.005439936849198,6.926156901816668,5.834893296973964,4.430657858478592,4.729939038673105,7.465663872287598,4.136619479207663,7.8157881082218665,2.5212472972008344,2.0138821668483113,8.331010827724135,4.460998358874347,3.3343644551652503,7.435949334917494,8.844796391125582,3.8760119681268916,2.3724378413603526,5.4562843896215565,6.795165617325019,4.915769534440151,5.494671874983119,6.816548514866762,4.292125239706139,7.926879640559283,2.173386882649422,2.7334072133673937,4.007679735699307,5.806456435339243,3.387242016232859,4.645657201381298,1.8668125035977825,5.947503802791353,8.92231715179666,3.840348713914919,1.7374983847715892,4.475868733282139,4.690256906585217,5.584109222275414,4.403448025675564,3.396238713240524,3.5696434620218724,4.00250649116424,7.23343648855106,4.70252812630349,4.5964819243958175,3.2354299323471127,6.039886764843828,1.6500196275772065,4.431113624740428,3.6634450980432716,7.2061118829409825,5.467448634104935,7.2348580441905685,6.410952966464636,8.42058026880424,4.656453669516193,4.706200550866526,1.4994889830672231,1.1767389968583195,7.363351690855706,5.3179254368263695,4.020938254519148,4.234765474722277,6.8374515919481045,6.500464332163894,2.449410753322665,6.400574858993727,5.122431458614407,5.768278418210606,6.6018821975778295,3.711865373260405,3.7588603043316073,2.8563151877225454,2.5236740590460545,5.256473215218386,5.646082822548309,5.490110827190463,5.914172207668537,4.80667951660376,5.653936171580171,3.407258152927188,5.966959490793402,4.805560251035174,4.037044620065763,4.956873961694842,6.082146949823973,6.575763260694638,7.063871408772695,4.166911303912762,3.36200949146337,5.8540453236662895,5.461895094452848,8.147851548703057,3.8899643703568785,5.017301623913086,4.577035924322837,5.562031509350136,4.367457552374684,3.4294965002391544,5.568609733859487,4.82716254568373,4.36858699338989,4.043006022679869,6.936341209726425,8.50662628170756,3.791941380599483,8.817768662848199,3.3552554888127437,6.258244590466413,7.145590966099668,6.051532148987133,7.493745601256849,6.35451297747405,5.8349323628456675,7.2591931449414435,7.725717587730831,3.177408519984949,4.337928361589201,5.507785378839601,6.32902953543341,4.036266792247607,4.904271418071599,2.669819012818281,2.9743293164053917,6.961036569889972,3.489589862051968,4.891843120931579,5.270098954446119,5.214759914551378,8.756770365779541,3.8254124717653735,5.338553757667135,4.162772887260701,5.308302552068196,3.8477135653034455,7.549662794609871,3.1094286800514634,4.552519220864948,5.472668313617645,3.9540517040525094,3.904564627127317,2.626669969957177,3.4590742416418356,4.409152239194263,2.038809749669473,7.847126315426451,7.473775239776444,3.5807342339631942,7.097035616723897,5.415178749667028,2.985378676300092,6.361036632667469,4.3164454680963145,2.4346715988075625,8.777079070018551,5.52032083677863,5.246856950893249,1.9015623765429726,8.050866249300869,3.8236625031900315,2.333935904515981,4.272555043928838,4.988622203699363,2.431762468669708,3.711481299775719,7.902357552856829,8.204022357047691,3.30873815392183,6.201074530354761,3.557648924679369,7.842978241286417,1.0381922905022982,2.58626167733929,1.528201298444138,8.383362063707363,1.9161251903779992,6.005105498916437,2.9711496478707957,2.4969412781439466,4.671912891678192,4.317851555650608,6.6754616853113795,7.3125438461663474,6.907234541858049,4.83502399760793,5.507159356219642,6.156409223163994,5.103970777941478,6.1299027222103835,4.93006761446488,
-----
7.901548917119941,5.772809116153905,2.7646691977577813,5.083013675621763,9.456312831552069,7.984401634018148,4.761531187575763,6.117962417978605,7.143840657720604,5.8232766605110475,3.005439936849198,6.926156901816668,5.834893296973964,4.430657858478592,4.729939038673105,7.465663872287598,4.136619479207663,7.8157881082218665,2.5212472972008344,2.0138821668483113,8.331010827724135,4.460998358874347,3.3343644551652503,7.435949334917494,8.844796391125582,3.8760119681268916,2.3724378413603526,5.4562843896215565,6.795165617325019,4.915769534440151,5.494671874983119,6.816548514866762,4.292125239706139,7.926879640559283,2.173386882649422,2.7334072133673937,4.007679735699307,5.806456435339243,3.387242016232859,4.645657201381298,1.8668125035977825,5.947503802791353,8.92231715179666,3.840348713914919,1.7374983847715892,4.475868733282139,4.690256906585217,5.584109222275414,4.403448025675564,3.396238713240524,3.5696434620218724,4.00250649116424,7.23343648855106,4.70252812630349,4.5964819243958175,3.235429932347113,6.039886764843828,1.6500196275772065,4.431113624740428,3.6634450980432716,7.2061118829409825,5.467448634104935,7.2348580441905685,6.410952966464636,8.42058026880424,4.656453669516193,4.7062005508665266,1.4994889830672231,1.1767389968583195,7.363351690855706,5.3179254368263695,4.020938254519148,4.234765474722277,6.8374515919481045,6.500464332163894,2.449410753322665,6.400574858993727,5.122431458614407,5.768278418210606,6.6018821975778295,3.711865373260405,3.7588603043316073,2.8563151877225454,2.5236740590460545,5.256473215218386,5.646082822548309,5.490110827190463,5.914172207668537,4.80667951660376,5.653936171580171,3.407258152927188,5.966959490793402,4.805560251035174,4.037044620065763,4.956873961694842,6.082146949823973,6.575763260694638,7.063871408772695,4.166911303912762,3.36200949146337,5.8540453236662895,5.461895094452848,8.147851548703057,3.8899643703568785,5.017301623913086,4.577035924322837,5.562031509350136,4.367457552374684,3.4294965002391544,5.568609733859487,4.82716254568373,4.36858699338989,4.043006022679869,6.936341209726425,8.50662628170756,3.791941380599483,8.817768662848199,3.3552554888127437,6.258244590466413,7.145590966099668,6.051532148987133,7.493745601256849,6.35451297747405,5.8349323628456675,7.2591931449414435,7.725717587730831,3.177408519984949,4.337928361589201,5.507785378839601,6.32902953543341,4.036266792247607,4.904271418071599,2.669819012818281,2.9743293164053917,6.961036569889972,3.489589862051968,4.891843120931579,5.270098954446119,5.214759914551378,8.756770365779541,3.8254124717653735,5.338553757667135,4.162772887260701,5.308302552068196,3.8477135653034455,7.549662794609871,3.1094286800514634,4.552519220864948,5.472668313617645,3.9540517040525094,3.904564627127317,2.626669969957177,3.4590742416418356,4.409152239194263,2.038809749669473,7.847126315426451,7.473775239776444,3.5807342339631942,7.097035616723897,5.415178749667028,2.9853786763000913,6.361036632667469,4.3164454680963145,2.4346715988075625,8.777079070018551,5.52032083677863,5.246856950893248,1.9015623765429726,8.050866249300869,3.8236625031900315,2.333935904515981,4.272555043928838,4.988622203699363,2.431762468669708,3.711481299775719,7.902357552856829,8.204022357047691,3.30873815392183,6.201074530354761,3.557648924679369,7.842978241286417,1.0381922905022982,2.58626167733929,1.528201298444138,8.383362063707363,1.9161251903779992,6.005105498916437,2.9711496478707957,2.4969412781439466,4.671912891678192,4.317851555650608,6.6754616853113795,7.3125438461663474,6.907234541858049,4.83502399760793,5.507159356219642,6.156409223163994,5.103970777941478,6.1299027222103835,4.93006761446488,
-----
7.901548917119941,5.772809116153905,2.7646691977577813,5.083013675621763,9.456312831552069,7.984401634018148,4.761531187575763,6.117962417978605,7.143840657720604,5.823276660511047,3.005439936849198,6.926156901816668,5.834893296973964,4.430657858478592,4.729939038673105,7.465663872287598,4.136619479207663,7.8157881082218665,2.5212472972008344,2.0138821668483113,8.331010827724135,4.460998358874347,3.3343644551652503,7.435949334917494,8.844796391125582,3.8760119681268916,2.3724378413603526,5.4562843896215565,6.795165617325019,4.915769534440151,5.494671874983119,6.816548514866762,4.292125239706139,7.926879640559283,2.173386882649422,2.7334072133673937,4.007679735699307,5.806456435339243,3.387242016232859,4.645657201381298,1.8668125035977825,5.947503802791353,8.92231715179666,3.840348713914919,1.7374983847715892,4.475868733282139,4.690256906585217,5.584109222275414,4.403448025675564,3.396238713240524,3.5696434620218724,4.00250649116424,7.23343648855106,4.70252812630349,4.5964819243958175,3.235429932347113,6.039886764843828,1.6500196275772065,4.431113624740428,3.6634450980432716,7.2061118829409825,5.467448634104935,7.2348580441905685,6.410952966464636,8.42058026880424,4.656453669516193,4.706200550866526,1.4994889830672233,1.1767389968583193,7.363351690855706,5.3179254368263695,4.020938254519148,4.234765474722277,6.8374515919481045,6.500464332163894,2.449410753322665,6.400574858993727,5.122431458614406,5.768278418210606,6.6018821975778295,3.711865373260405,3.7588603043316073,2.8563151877225454,2.5236740590460545,5.256473215218386,5.646082822548309,5.490110827190463,5.914172207668537,4.80667951660376,5.653936171580171,3.407258152927188,5.966959490793402,4.805560251035174,4.037044620065763,4.956873961694842,6.082146949823973,6.575763260694638,7.063871408772695,4.166911303912762,3.36200949146337,5.8540453236662895,5.461895094452848,8.147851548703057,3.8899643703568785,5.017301623913086,4.577035924322837,5.562031509350136,4.367457552374684,3.4294965002391544,5.568609733859487,4.82716254568373,4.36858699338989,4.043006022679869,6.936341209726425,8.50662628170756,3.791941380599483,8.817768662848199,3.3552554888127437,6.258244590466413,7.145590966099668,6.051532148987132,7.493745601256849,6.35451297747405,5.8349323628456675,7.2591931449414435,7.725717587730831,3.177408519984949,4.337928361589201,5.507785378839601,6.32902953543341,4.036266792247607,4.904271418071599,2.669819012818281,2.9743293164053917,6.961036569889972,3.489589862051968,4.891843120931579,5.270098954446119,5.214759914551378,8.756770365779541,3.8254124717653735,5.338553757667135,4.162772887260701,5.308302552068196,3.8477135653034455,7.549662794609872,3.1094286800514634,4.552519220864948,5.472668313617645,3.9540517040525094,3.904564627127317,2.626669969957177,3.4590742416418356,4.409152239194263,2.038809749669473,7.847126315426451,7.473775239776444,3.5807342339631942,7.097035616723897,5.415178749667028,2.9853786763000913,6.361036632667469,4.3164454680963145,2.4346715988075625,8.777079070018551,5.52032083677863,5.246856950893249,1.9015623765429726,8.050866249300869,3.8236625031900315,2.333935904515981,4.272555043928838,4.988622203699363,2.431762468669708,3.711481299775719,7.902357552856829,8.204022357047691,3.30873815392183,6.201074530354761,3.557648924679369,7.842978241286417,1.0381922905022982,2.58626167733929,1.528201298444138,8.383362063707363,1.9161251903779992,6.005105498916437,2.9711496478707957,2.4969412781439466,4.671912891678192,4.317851555650608,6.6754616853113795,7.3125438461663474,6.907234541858049,4.83502399760793,5.507159356219642,6.156409223163994,5.103970777941478,6.1299027222103835,4.93006761446488,
-----
7.901548917119941,5.772809116153905,2.7646691977577813,5.083013675621763,9.456312831552069,7.984401634018148,4.761531187575763,6.117962417978605,7.143840657720604,5.8232766605110475,3.005439936849198,6.926156901816668,5.834893296973964,4.430657858478592,4.729939038673105,7.465663872287598,4.136619479207663,7.8157881082218665,2.5212472972008344,2.0138821668483113,8.331010827724135,4.460998358874347,3.3343644551652503,7.435949334917494,8.844796391125582,3.8760119681268916,2.3724378413603526,5.4562843896215565,6.795165617325019,4.915769534440151,5.494671874983119,6.816548514866762,4.292125239706139,7.926879640559283,2.173386882649422,2.7334072133673937,4.007679735699307,5.806456435339243,3.387242016232859,4.645657201381298,1.8668125035977825,5.947503802791353,8.92231715179666,3.840348713914919,1.7374983847715892,4.475868733282139,4.690256906585217,5.584109222275414,4.403448025675564,3.396238713240524,3.5696434620218724,4.00250649116424,7.23343648855106,4.70252812630349,4.5964819243958175,3.2354299323471127,6.039886764843828,1.6500196275772065,4.431113624740428,3.6634450980432716,7.2061118829409825,5.467448634104935,7.2348580441905685,6.410952966464636,8.42058026880424,4.656453669516193,4.706200550866526,1.4994889830672233,1.1767389968583195,7.363351690855706,5.3179254368263695,4.020938254519148,4.234765474722277,6.8374515919481045,6.500464332163894,2.449410753322665,6.400574858993727,5.122431458614407,5.768278418210606,6.6018821975778295,3.711865373260405,3.7588603043316073,2.8563151877225454,2.5236740590460545,5.256473215218386,5.646082822548309,5.490110827190463,5.914172207668537,4.80667951660376,5.653936171580171,3.407258152927188,5.966959490793402,4.805560251035174,4.037044620065763,4.956873961694842,6.082146949823974,6.575763260694638,7.063871408772695,4.166911303912762,3.36200949146337,5.8540453236662895,5.461895094452848,8.147851548703057,3.8899643703568785,5.017301623913086,4.577035924322837,5.562031509350136,4.367457552374684,3.4294965002391544,5.568609733859487,4.82716254568373,4.36858699338989,4.043006022679869,6.936341209726425,8.50662628170756,3.791941380599483,8.817768662848199,3.3552554888127437,6.258244590466413,7.145590966099668,6.051532148987133,7.493745601256849,6.35451297747405,5.8349323628456675,7.2591931449414435,7.725717587730831,3.177408519984949,4.337928361589201,5.507785378839601,6.32902953543341,4.036266792247607,4.904271418071599,2.669819012818281,2.9743293164053917,6.961036569889972,3.489589862051968,4.891843120931579,5.270098954446119,5.214759914551378,8.756770365779541,3.8254124717653735,5.338553757667135,4.162772887260701,5.308302552068196,3.8477135653034455,7.549662794609872,3.1094286800514634,4.552519220864948,5.472668313617645,3.9540517040525094,3.9045646271273164,2.626669969957177,3.4590742416418356,4.409152239194263,2.038809749669473,7.847126315426451,7.473775239776444,3.580734233963194,7.097035616723897,5.415178749667028,2.9853786763000913,6.361036632667469,4.3164454680963145,2.4346715988075625,8.777079070018551,5.52032083677863,5.246856950893249,1.9015623765429726,8.050866249300869,3.8236625031900315,2.333935904515981,4.272555043928838,4.988622203699363,2.431762468669708,3.711481299775719,7.902357552856829,8.204022357047691,3.30873815392183,6.201074530354761,3.557648924679369,7.842978241286417,1.0381922905022982,2.58626167733929,1.528201298444138,8.383362063707363,1.9161251903779992,6.005105498916439,2.9711496478707957,2.4969412781439466,4.671912891678192,4.317851555650608,6.6754616853113795,7.3125438461663474,6.907234541858049,4.83502399760793,5.507159356219642,6.156409223163994,5.103970777941478,6.1299027222103835,4.93006761446488,
-----
7.901548917119941,5.772809116153905,2.7646691977577813,5.083013675621763,9.456312831552069,7.984401634018148,4.761531187575763,6.117962417978605,7.143840657720604,5.8232766605110475,3.005439936849198,6.926156901816668,5.834893296973964,4.430657858478592,4.729939038673105,7.465663872287598,4.136619479207663,7.8157881082218665,2.5212472972008344,2.0138821668483113,8.331010827724135,4.460998358874347,3.3343644551652503,7.435949334917494,8.844796391125582,3.8760119681268916,2.3724378413603526,5.4562843896215565,6.795165617325019,4.915769534440151,5.494671874983119,6.816548514866762,4.292125239706139,7.926879640559283,2.173386882649422,2.7334072133673937,4.007679735699307,5.806456435339243,3.387242016232859,4.645657201381298,1.8668125035977825,5.947503802791353,8.92231715179666,3.840348713914919,1.7374983847715892,4.475868733282139,4.690256906585217,5.584109222275414,4.403448025675564,3.396238713240524,3.5696434620218724,4.00250649116424,7.23343648855106,4.70252812630349,4.5964819243958175,3.235429932347113,6.039886764843828,1.6500196275772065,4.431113624740428,3.6634450980432716,7.2061118829409825,5.467448634104935,7.2348580441905685,6.410952966464636,8.42058026880424,4.656453669516193,4.7062005508665266,1.4994889830672231,1.1767389968583195,7.363351690855706,5.3179254368263695,4.020938254519148,4.234765474722277,6.8374515919481045,6.500464332163894,2.449410753322665,6.400574858993727,5.122431458614407,5.768278418210606,6.6018821975778295,3.711865373260405,3.7588603043316073,2.8563151877225454,2.5236740590460545,5.256473215218387,5.646082822548309,5.490110827190463,5.914172207668537,4.80667951660376,5.653936171580171,3.407258152927188,5.966959490793402,4.805560251035174,4.037044620065763,4.956873961694842,6.082146949823973,6.575763260694638,7.063871408772695,4.166911303912762,3.36200949146337,5.8540453236662895,5.461895094452848,8.147851548703057,3.8899643703568785,5.017301623913086,4.577035924322837,5.562031509350136,4.367457552374684,3.4294965002391544,5.568609733859487,4.82716254568373,4.36858699338989,4.043006022679869,6.936341209726425,8.50662628170756,3.791941380599483,8.817768662848199,3.3552554888127437,6.258244590466413,7.145590966099668,6.051532148987133,7.493745601256849,6.35451297747405,5.8349323628456675,7.2591931449414435,7.725717587730831,3.177408519984949,4.337928361589201,5.507785378839601,6.32902953543341,4.036266792247607,4.904271418071599,2.669819012818281,2.9743293164053917,6.961036569889972,3.489589862051968,4.891843120931579,5.270098954446119,5.214759914551378,8.756770365779541,3.8254124717653735,5.338553757667135,4.162772887260701,5.308302552068196,3.8477135653034455,7.549662794609871,3.1094286800514634,4.552519220864948,5.472668313617645,3.9540517040525094,3.904564627127317,2.626669969957177,3.4590742416418356,4.409152239194263,2.038809749669473,7.847126315426451,7.473775239776444,3.5807342339631942,7.097035616723897,5.415178749667028,2.9853786763000913,6.361036632667469,4.3164454680963145,2.4346715988075625,8.777079070018551,5.52032083677863,5.246856950893249,1.9015623765429726,8.050866249300869,3.8236625031900315,2.333935904515981,4.272555043928838,4.988622203699363,2.431762468669708,3.711481299775719,7.902357552856829,8.204022357047691,3.30873815392183,6.201074530354761,3.557648924679369,7.842978241286417,1.0381922905022982,2.58626167733929,1.528201298444138,8.383362063707363,1.9161251903779992,6.005105498916437,2.9711496478707957,2.4969412781439466,4.671912891678192,4.317851555650608,6.6754616853113795,7.3125438461663474,6.907234541858049,4.83502399760793,5.507159356219642,6.156409223163994,5.103970777941478,6.1299027222103835,4.93006761446488,
-----
7.901548917119941,5.772809116153905,2.7646691977577813,5.083013675621763,9.456312831552069,7.984401634018148,4.761531187575763,6.117962417978605,7.143840657720604,5.8232766605110475,3.005439936849198,6.926156901816668,5.834893296973964,4.430657858478592,4.729939038673105,7.465663872287598,4.136619479207663,7.8157881082218665,2.5212472972008344,2.0138821668483113,8.331010827724135,4.460998358874347,3.3343644551652503,7.435949334917494,8.844796391125582,3.8760119681268916,2.3724378413603526,5.4562843896215565,6.795165617325019,4.915769534440151,5.494671874983119,6.816548514866762,4.292125239706139,7.926879640559283,2.173386882649422,2.7334072133673937,4.007679735699307,5.806456435339243,3.387242016232859,4.645657201381298,1.8668125035977825,5.947503802791353,8.92231715179666,3.840348713914919,1.7374983847715892,4.475868733282139,4.690256906585217,5.584109222275414,4.403448025675564,3.396238713240524,3.5696434620218724,4.00250649116424,7.23343648855106,4.70252812630349,4.5964819243958175,3.2354299323471127,6.039886764843828,1.6500196275772065,4.431113624740428,3.6634450980432716,7.2061118829409825,5.467448634104935,7.2348580441905685,6.410952966464636,8.42058026880424,4.656453669516193,4.706200550866526,1.4994889830672231,1.1767389968583195,7.363351690855706,5.3179254368263695,4.020938254519148,4.234765474722277,6.8374515919481045,6.500464332163894,2.449410753322665,6.400574858993727,5.122431458614407,5.768278418210606,6.6018821975778295,3.711865373260405,3.7588603043316073,2.8563151877225454,2.5236740590460545,5.256473215218386,5.646082822548309,5.490110827190463,5.914172207668537,4.80667951660376,5.653936171580171,3.407258152927188,5.966959490793402,4.805560251035174,4.037044620065763,4.956873961694842,6.082146949823973,6.575763260694638,7.063871408772695,4.166911303912762,3.36200949146337,5.8540453236662895,5.461895094452848,8.147851548703057,3.8899643703568785,5.017301623913086,4.577035924322837,5.562031509350136,4.367457552374684,3.4294965002391544,5.568609733859487,4.82716254568373,4.36858699338989,4.043006022679869,6.936341209726425,8.50662628170756,3.791941380599483,8.817768662848199,3.3552554888127437,6.258244590466413,7.145590966099668,6.051532148987133,7.493745601256849,6.35451297747405,5.8349323628456675,7.2591931449414435,7.725717587730831,3.177408519984949,4.337928361589201,5.507785378839601,6.32902953543341,4.036266792247607,4.904271418071599,2.669819012818281,2.9743293164053917,6.961036569889972,3.489589862051968,4.891843120931579,5.270098954446119,5.214759914551378,8.756770365779541,3.8254124717653735,5.338553757667135,4.162772887260701,5.308302552068196,3.8477135653034455,7.549662794609871,3.1094286800514634,4.552519220864948,5.472668313617645,3.9540517040525094,3.904564627127317,2.626669969957177,3.4590742416418356,4.409152239194263,2.038809749669473,7.847126315426451,7.473775239776444,3.5807342339631942,7.097035616723897,5.415178749667028,2.985378676300092,6.361036632667469,4.3164454680963145,2.4346715988075625,8.777079070018551,5.52032083677863,5.246856950893249,1.9015623765429726,8.050866249300869,3.8236625031900315,2.333935904515981,4.272555043928838,4.988622203699363,2.431762468669708,3.711481299775719,7.902357552856829,8.204022357047691,3.30873815392183,6.201074530354761,3.557648924679369,7.842978241286417,1.0381922905022982,2.58626167733929,1.528201298444138,8.383362063707363,1.9161251903779992,6.005105498916437,2.9711496478707957,2.4969412781439466,4.671912891678192,4.317851555650608,6.6754616853113795,7.3125438461663474,6.907234541858049,4.83502399760793,5.507159356219642,6.156409223163994,5.103970777941478,6.1299027222103835,4.93006761446488,
-----
7.9162247523447355,5.871449404721297,2.7563704879297455,5.1069061312276025,9.3294592054261,7.848546041146595,4.76113452997675,6.117299713020481,7.171970056757447,5.814057650263546,3.001863570973713,6.846513137442474,5.833815897347929,4.439696714710931,4.726824427759194,7.475648492198054,4.1235594869399295,7.796109134622752,2.478653057764376,2.1299022155246714,8.103637270199892,4.835490348526877,3.330408238305795,7.402742619570722,8.362000396337283,4.131494488486801,2.2577725775828164,5.582207323429673,6.808240675065065,4.88209657295933,5.522721402892298,6.831375056239153,4.314937838198198,7.921203763243514,2.185002893946242,2.7275508737092333,4.008265385077567,5.80667562510674,3.387022555668663,4.645573440518841,1.9036023919290836,5.95755859909679,8.920985890894006,3.836534620328261,1.7957630022552953,4.498080086784413,4.699048006991362,5.586068790182598,4.396427899278791,3.3872261916436206,3.5645075460136137,4.000260261537805,7.222643107412557,4.6992380120426995,4.551849973801811,3.253938715112289,6.05158431876224,1.6261559550519067,4.442084097462706,3.667764472482865,7.1986656280068155,5.468184254301958,7.238450722942713,6.42693146616008,8.36159685686067,4.658671249346808,4.70679208281297,1.4997513499994155,1.1794453103799705,7.362306450468307,5.212900420984468,3.9892870747809077,4.234681798203344,6.83737000669191,6.390071058120257,2.498433246456457,6.353479321878842,5.10122825643035,5.764232541823042,6.604822223051032,3.7057092623911396,3.763054888032654,2.8473943300021327,2.5261657656732655,5.2975015779006505,5.340131690029038,5.496561392759254,5.915096915745621,4.846940442872514,5.636234384157154,3.409587606806559,5.956937599260724,4.836600785703598,3.9830041841243227,4.963383844004197,6.072028899956444,6.575788384189008,7.063887398695488,4.1884685633808365,3.365584834691945,6.116819634206397,5.452814526830869,7.552325684368462,4.226420689539951,5.017303041559031,4.577036362971307,5.447296530029827,4.32353776574594,3.440733027353259,5.572972390467978,5.148790771811715,4.279735172569219,4.042868969391074,6.936261684273738,8.487923399279772,3.8465527896273564,8.825216501891832,3.303734966441053,6.1779231692612875,7.247827540330429,6.051124594203782,7.493656483513201,6.354552356348336,5.838876755060528,7.245042698637838,7.669239992704092,3.1792095787017,4.327284096606655,5.48931211899997,6.325469112000013,4.04412694846004,4.902375788689307,2.7107889481670133,2.968635587789499,7.134594010491922,3.348332934155521,4.913719098778921,5.263393702450534,5.185404757395319,8.730946557463813,3.8269219336764,5.336038608465405,4.5618417011561725,5.756792148889415,3.8507361652382115,7.543838773311009,3.109041711647879,4.552851351323212,5.067037188278962,3.488194055759412,3.832179538704466,2.6460432802013383,3.4584209157924333,4.409512912006492,2.040492932247998,7.840958207602592,7.467238087014797,3.589683445981999,7.096227957554051,5.415371488495401,2.9853558376637266,6.361020990730177,4.660948289875903,2.833040487578059,8.689035090072968,5.528245792432777,5.352474586020624,1.9656291126599,8.06337119445097,3.77343831532846,2.288270030028678,4.138711245456795,4.983068694012082,2.4323345519899466,3.710972277583032,7.903219098691437,8.204440871180505,3.3100302417415293,6.20007225618493,3.555900897367432,7.707145319099662,1.0284347997058678,2.601186520398487,1.5406500829814946,8.372795495898934,1.8681980452934117,6.00739998581326,2.9707574096867693,2.497029812413913,4.67613573820984,4.3650041556474815,6.602202602220578,7.316224060251315,6.899990518756226,5.253080181811777,5.441512599018546,6.037544446277733,5.2806019075576724,6.192835383575412,4.85216593454617,
-----
7.901548917119941,5.772809116153905,2.7646691977577813,5.083013675621763,9.456312831552069,7.984401634018148,4.761531187575763,6.117962417978605,7.143840657720604,5.8232766605110475,3.005439936849198,6.926156901816668,5.834893296973964,4.430657858478592,4.729939038673105,7.465663872287598,4.136619479207663,7.8157881082218665,2.5212472972008344,2.0138821668483113,8.331010827724135,4.460998358874347,3.3343644551652503,7.435949334917494,8.844796391125582,3.8760119681268916,2.3724378413603526,5.4562843896215565,6.795165617325019,4.915769534440151,5.494671874983119,6.816548514866762,4.292125239706139,7.926879640559283,2.173386882649422,2.7334072133673937,4.007679735699307,5.806456435339243,3.387242016232859,4.645657201381298,1.8668125035977825,5.947503802791353,8.92231715179666,3.840348713914919,1.7374983847715892,4.475868733282139,4.690256906585217,5.584109222275414,4.403448025675564,3.396238713240524,3.5696434620218724,4.00250649116424,7.23343648855106,4.70252812630349,4.5964819243958175,3.2354299323471127,6.039886764843828,1.6500196275772065,4.431113624740428,3.6634450980432716,7.2061118829409825,5.467448634104936,7.2348580441905685,6.410952966464636,8.42058026880424,4.656453669516193,4.706200550866526,1.4994889830672231,1.1767389968583193,7.363351690855705,5.3179254368263695,4.020938254519148,4.234765474722277,6.8374515919481045,6.500464332163894,2.449410753322665,6.400574858993727,5.122431458614407,5.768278418210606,6.6018821975778295,3.711865373260405,3.7588603043316073,2.8563151877225454,2.5236740590460545,5.256473215218386,5.646082822548309,5.490110827190463,5.914172207668537,4.80667951660376,5.653936171580171,3.407258152927188,5.966959490793402,4.805560251035174,4.037044620065763,4.956873961694842,6.082146949823973,6.575763260694638,7.063871408772695,4.166911303912762,3.36200949146337,5.8540453236662895,5.461895094452848,8.147851548703057,3.8899643703568785,5.017301623913086,4.577035924322837,5.562031509350136,4.367457552374684,3.4294965002391544,5.568609733859487,4.82716254568373,4.36858699338989,4.043006022679869,6.936341209726425,8.50662628170756,3.791941380599483,8.817768662848199,3.3552554888127437,6.258244590466413,7.145590966099668,6.051532148987133,7.493745601256849,6.35451297747405,5.834932362845667,7.2591931449414435,7.725717587730831,3.177408519984949,4.337928361589201,5.507785378839601,6.32902953543341,4.036266792247607,4.904271418071599,2.669819012818281,2.9743293164053917,6.961036569889972,3.489589862051968,4.891843120931579,5.270098954446119,5.214759914551378,8.756770365779541,3.8254124717653735,5.338553757667135,4.162772887260701,5.308302552068196,3.8477135653034455,7.549662794609871,3.1094286800514634,4.552519220864948,5.472668313617645,3.9540517040525094,3.9045646271273164,2.626669969957177,3.4590742416418356,4.409152239194263,2.038809749669473,7.847126315426451,7.473775239776444,3.580734233963194,7.097035616723897,5.415178749667028,2.985378676300092,6.361036632667469,4.3164454680963145,2.4346715988075625,8.777079070018551,5.52032083677863,5.246856950893249,1.9015623765429726,8.050866249300869,3.8236625031900315,2.333935904515981,4.272555043928838,4.988622203699363,2.431762468669708,3.711481299775719,7.902357552856829,8.204022357047691,3.30873815392183,6.201074530354761,3.557648924679369,7.842978241286417,1.0381922905022982,2.58626167733929,1.528201298444138,8.383362063707363,1.9161251903779992,6.005105498916437,2.9711496478707957,2.4969412781439466,4.671912891678192,4.317851555650608,6.6754616853113795,7.3125438461663474,6.907234541858049,4.83502399760793,5.507159356219642,6.156409223163994,5.103970777941478,6.1299027222103835,4.93006761446488,
-----
7.924762846624143,5.928836263502137,2.7561161883970895,5.107638273984786,9.201622256057842,7.711637345055648,4.755449167592489,6.107801047546384,7.203451422514553,5.803740080622617,3.0016168893450788,6.841019668879579,5.833661132506792,4.440995116079417,4.716876104088923,7.5075401901787675,4.123279306179292,7.795686954450011,2.3648032622029174,2.4400112583810154,7.9464356470076325,5.0944067734924285,3.321841404782303,7.330836449523979,7.948253826303732,4.350437929699047,1.9996938780785436,5.865623817007108,6.830810855847846,4.82397026535719,5.5714012263599875,6.857106448902206,4.332417351853412,7.916854781470095,2.3025575643407237,2.6682843956866398,4.009377825745676,5.807091975948127,3.386533737423121,4.6453868747092555,2.01006031253164,5.986653895530413,8.918214353747294,3.828594101655043,1.8299731256377312,4.511121503284165,4.715818692467481,5.589807036309045,4.34880439929915,3.3260865770799874,3.5551967766068318,3.996188129896089,7.2166886789930995,4.697422941342766,4.469254435479419,3.2881909235825866,6.05261538156012,1.6240525285463954,4.450682820531364,3.6711500243707507,7.191956828523338,5.4688470208123,7.269057761230988,6.563056788157135,8.29270222346672,4.6612614580922465,4.708148465498185,1.5003529573447805,1.1891930381934177,7.3585416542928215,5.133832983022861,3.965458678562123,4.234646040305712,6.837335142463852,6.3139461157378465,2.532238154387504,6.238639655989877,5.049525509126429,5.763413607872569,6.6054173195010035,3.474344353483769,3.9206997869804825,2.8451529229522965,2.526791818568109,5.30086259074772,5.315068401617157,5.533124778607558,5.92033838765361,4.878546776088561,5.622337818835314,3.416333017427819,5.927917160526861,4.845755155620521,3.967066760804647,4.97805719928582,6.049222690349533,6.588221170377242,7.071800282481795,4.298674934315974,3.3838629280948793,6.188249362155812,5.4503461634907415,7.392921852837111,4.31647962674605,5.0173686995503335,4.577056678888312,4.790458102013467,4.072104386152942,3.466131614572703,5.582833561384402,5.518347179681219,4.177642890027806,4.041557296653161,6.935500583469977,8.485917508738344,3.85240988193631,8.825280719272236,3.3032907418862023,5.952388753279578,7.534897486493611,6.030211605503985,7.489083556284699,6.3545766909752075,5.841314237455051,7.219458569664483,7.567128013741225,3.1795231937603203,4.32543063022301,5.389038850566949,6.30614305380717,4.052296244209536,4.900405604301509,2.7163930534029874,2.967856766586172,7.2250636456558155,3.2747004659257475,4.92103360802943,5.261151716830922,5.119738248457506,8.673179558276649,3.8273573680638817,5.335313063525131,5.017671547967137,6.269072079309826,3.854784882116713,7.536037604171079,3.1056254147448312,4.555783519028547,4.8484685206903855,3.237173167289985,3.7882170652703246,2.6578094969111246,3.4557578148485653,4.410983094316825,2.2019763857580257,7.249193911959946,7.454357946761601,3.6073160622234397,7.093014867344856,5.416138256540018,2.9853550898234733,6.361020478542402,4.673943153070183,2.8480672127110727,8.469789563557246,5.5479803736736635,5.391774865244974,1.989468319202931,8.066831675650697,3.7595398251087553,2.2025893587414536,3.887586600862394,4.982210832206475,2.432422922850482,3.7108664861745564,7.903398156006854,8.204761403573627,3.311019828397037,6.199660676297228,3.5551830769282713,7.700263034020649,1.0279404141604802,2.605426067224871,1.5441862813032023,8.34961178304236,1.7630428814009091,6.0089771566996175,2.970487795314501,2.4975727129983984,4.702030635757471,4.490486967736626,6.4072450440389375,7.330710697549755,6.871475456090101,5.301380210472781,5.433928115463176,6.014638308815755,5.314640056124799,6.227156276941805,4.809681552167283,
