measures : inver - Alg3

Generations Run: 1000.0
Generation fitness average: 238.0
Overall fitness Average: 234.205
Best fitness: 244.176150376684

Final fitness: 244.176150376684

instances

-----
1.7190180851769608,5.882345323789236,9.795757422753898,0.7016446356120216,1.3913092110428682,5.6658791413380865,7.115939529641036,7.62169490380094,3.9418177964890146,5.131496796884406,2.4176968868756257,7.411278426004339,6.708378825414542,5.384469042877496,0.38567401613822483,9.53302523926257,8.428657740717929,9.581251507790661,0.023060422076747855,2.9395998328318154,8.254114766313979,8.270761568565732,7.2793281868027435,2.1184031391249905,3.006453088479554,0.9532212136461222,7.490124657606378,2.528736218352998,5.344701732903463,4.4812593815453186,2.4410245022653,8.62936373795513,5.345069941814038,6.496329316379098,6.5445864849533955,8.856521171512451,5.017192894546624,4.349354230904269,8.485385426860617,2.7620244946154884,9.48937483436845,6.897873224760756,8.740433231885596,6.058244324493257,9.991917762731186,8.202821504004817,9.622630157475987,9.541322672032337,2.3516107800687456,8.466435993987098,2.9226259629926252,7.776111585927529,0.48193645898648185,8.558635689657951,0.8397030365272524,3.0259317516643778,7.312538550150334,0.1725892707642256,8.695030516722275,9.197350694121173,5.747976879370206,4.031040491346785,2.9108681659196423,9.544792784988786,9.579779735001052,3.63331731566573,4.917037259146283,0.5419044069768617,8.79729285797367,1.7888162331456154,1.0112102150275195,2.676201266428566,5.451799451122012,1.6261086755903094,9.752301258718735,6.9606439222914425,5.124881245630362,2.897676732915758,2.2064779512072317,3.6803835183813387,5.135965920212335,8.218645352594297,6.293047960082518,7.305043727524691,3.8954941436319466,2.383736571791478,4.592707580150716,8.596502651232893,6.269125749258716,1.1000313480614352,5.283374794588299,1.7292533784420332,7.464884581165498,3.3539845853215944,8.359064287239162,0.7150311437536558,2.789130126979112,4.199496314443185,3.964991644913014,5.5855031588972075,2.6387243349677094,2.009702642634932,6.547338992698615,4.636426008942057,1.3057517340769031,6.178512244724265,7.568833209145618,4.573785454151032,4.567628231102186,7.888765315477782,0.7815378921529099,5.62704634742779,4.619427061114266,7.882261986584732,7.475984319081906,3.6067415629290256,1.6767253409890674,1.1727588329392908,4.741002316916516,5.483247986900238,9.536266241141025,9.336393562605531,7.571354014810973,9.35069928238696,7.528214168307903,6.394858425485813,5.650495219023947,3.6145971703434423,3.627762036149692,4.375002436250172,7.813535928562251,3.903795089006401,3.015337694048913,9.384398058277593,1.560695466122798,9.557133893723549,3.0836401589987963,8.48577488540555,1.544292344517599,4.572117085375185,9.786217089967032,1.7840727749759324,9.69253230241939,0.6276306557062021,1.3062868167061161,2.958233803650698,0.5611013502025735,2.204809911949699,3.2959821283822723,4.975710408728972,8.618801831356294,5.929777443567275,5.39518991980688,5.921020761588776,9.47620034834198,8.04907518605068,1.3856331497731063,2.750550869887535,4.556499738855901,5.423232384880867,5.169833345451412,8.35415482884718,8.385568846566741,6.586009188730042,1.7860762668908485,9.55996805350561,9.543311889291852,0.26647909644337453,6.879480475419893,0.6622047457959219,0.3712831233049272,9.30821024417336,9.445764953208258,8.682574885856887,6.771693362238043,8.1444215918499,1.2482840870486953,2.8943098046885405,7.860683824598805,1.9000987788742503,2.0803894709128503,2.1436479686322425,5.853983150092436,4.79166113194307,3.004163214088555,9.196992064245991,9.365792442942084,4.781883622832331,9.84304721175242,1.7228074971722336,8.291981880875754,0.42238625207953184,6.539879659646456,4.5856901164871475,5.626413039013377,4.478111654052318,2.5133363745186905,7.8858931582303935,0.9244377746455221,7.277819679881977,
-----
1.7190180851769608,5.882345323789236,9.795757422753898,0.7016446356120216,1.3913092110428682,5.6658791413380865,7.115939529641036,7.62169490380094,3.9418177964890146,5.131496796884406,2.4176968868756257,7.411278426004339,6.708378825414542,5.384469042877496,0.38567401613822483,9.53302523926257,8.428657740717929,9.581251507790661,0.023060422076747855,2.9395998328318154,8.254114766313979,8.270761568565732,7.2793281868027435,2.1184031391249905,3.006453088479554,0.9532212136461222,7.490124657606378,2.528736218352998,5.344701732903463,4.4812593815453186,2.4410245022653,8.62936373795513,5.345069941814038,6.496329316379098,6.5445864849533955,8.856521171512451,5.017192894546624,4.349354230904269,8.485385426860617,2.7620244946154884,9.48937483436845,6.897873224760756,8.740433231885596,6.058244324493257,9.991917762731186,8.202821504004817,9.622630157475987,9.541322672032337,2.3516107800687456,8.466435993987098,2.9226259629926252,7.776111585927529,0.48193645898648185,8.558635689657951,0.8397030365272524,3.0259317516643778,7.312538550150334,0.1725892707642256,8.695030516722275,9.197350694121173,5.747976879370206,4.031040491346785,2.9108681659196423,9.544792784988786,9.579779735001052,3.63331731566573,4.917037259146283,0.5419044069768617,8.79729285797367,1.7888162331456154,1.0112102150275195,2.676201266428566,5.451799451122012,1.6261086755903094,9.752301258718735,6.9606439222914425,5.124881245630362,2.897676732915758,2.2064779512072317,3.6803835183813387,5.135965920212335,8.218645352594297,6.293047960082518,7.305043727524691,3.8954941436319466,2.383736571791478,4.592707580150716,8.596502651232893,6.269125749258716,1.1000313480614352,5.283374794588299,1.7292533784420332,7.464884581165498,3.3539845853215944,8.359064287239162,0.7150311437536558,2.789130126979112,4.199496314443185,3.964991644913014,5.5855031588972075,2.6387243349677094,2.009702642634932,6.547338992698615,4.636426008942057,1.3057517340769031,6.178512244724265,7.568833209145618,4.573785454151032,4.567628231102186,7.888765315477783,0.7815378921529099,5.62704634742779,4.619427061114266,7.882261986584732,7.475984319081906,3.6067415629290256,1.6767253409890674,1.1727588329392908,4.741002316916516,5.483247986900238,9.536266241141025,9.336393562605531,7.571354014810973,9.35069928238696,7.528214168307903,6.394858425485813,5.650495219023947,3.6145971703434423,3.627762036149692,4.375002436250172,7.813535928562251,3.903795089006401,3.015337694048913,9.384398058277593,1.560695466122798,9.557133893723549,3.0836401589987963,8.48577488540555,1.544292344517599,4.572117085375185,9.786217089967032,1.7840727749759324,9.69253230241939,0.6276306557062021,1.3062868167061161,2.958233803650698,0.5611013502025735,2.204809911949699,3.2959821283822723,4.975710408728972,8.618801831356294,5.929777443567275,5.39518991980688,5.921020761588776,9.47620034834198,8.04907518605068,1.3856331497731063,2.750550869887535,4.556499738855901,5.423232384880867,5.169833345451412,8.35415482884718,8.385568846566741,6.586009188730042,1.7860762668908485,9.55996805350561,9.543311889291852,0.26647909644337453,6.879480475419893,0.6622047457959219,0.3712831233049272,9.30821024417336,9.445764953208258,8.682574885856887,6.771693362238043,8.1444215918499,1.2482840870486953,2.8943098046885405,7.860683824598805,1.9000987788742503,2.0803894709128503,2.1436479686322425,5.853983150092436,4.79166113194307,3.004163214088555,9.196992064245991,9.365792442942084,4.781883622832331,9.84304721175242,1.7228074971722336,8.291981880875754,0.42238625207953184,6.539879659646456,4.5856901164871475,5.626413039013377,4.478111654052318,2.5133363745186905,7.8858931582303935,0.9244377746455221,7.277819679881977,
-----
1.7190180851769608,5.882345323789236,9.795757422753898,0.7016446356120216,1.3913092110428682,5.6658791413380865,7.115939529641036,7.62169490380094,3.9418177964890146,5.131496796884406,2.4176968868756257,7.411278426004339,6.708378825414542,5.384469042877496,0.38567401613822483,9.53302523926257,8.428657740717929,9.581251507790661,0.023060422076747855,2.9395998328318154,8.254114766313979,8.270761568565732,7.2793281868027435,2.1184031391249905,3.006453088479554,0.9532212136461222,7.490124657606378,2.528736218352998,5.344701732903463,4.4812593815453186,2.4410245022653,8.62936373795513,5.345069941814038,6.496329316379098,6.5445864849533955,8.856521171512451,5.017192894546624,4.349354230904268,8.485385426860617,2.7620244946154884,9.48937483436845,6.897873224760756,8.740433231885596,6.058244324493257,9.991917762731186,8.202821504004817,9.622630157475987,9.541322672032337,2.3516107800687456,8.466435993987098,2.9226259629926252,7.776111585927529,0.48193645898648185,8.558635689657951,0.8397030365272524,3.0259317516643778,7.312538550150334,0.1725892707642256,8.695030516722275,9.197350694121173,5.747976879370206,4.031040491346785,2.9108681659196423,9.544792784988786,9.579779735001052,3.63331731566573,4.917037259146283,0.5419044069768617,8.79729285797367,1.7888162331456154,1.0112102150275195,2.676201266428566,5.451799451122012,1.6261086755903094,9.752301258718735,6.9606439222914425,5.1248812456303625,2.897676732915758,2.2064779512072317,3.6803835183813387,5.135965920212335,8.218645352594297,6.293047960082518,7.305043727524691,3.8954941436319466,2.383736571791478,4.592707580150716,8.596502651232893,6.269125749258716,1.1000313480614352,5.283374794588299,1.7292533784420332,7.464884581165498,3.3539845853215944,8.359064287239162,0.7150311437536558,2.789130126979112,4.199496314443185,3.964991644913014,5.5855031588972075,2.6387243349677094,2.009702642634932,6.547338992698615,4.636426008942057,1.3057517340769031,6.178512244724265,7.568833209145618,4.573785454151032,4.567628231102186,7.888765315477784,0.7815378921529099,5.62704634742779,4.619427061114266,7.882261986584732,7.475984319081906,3.6067415629290256,1.6767253409890674,1.1727588329392908,4.741002316916516,5.483247986900238,9.536266241141025,9.336393562605531,7.571354014810973,9.35069928238696,7.528214168307903,6.394858425485813,5.650495219023947,3.6145971703434423,3.627762036149692,4.375002436250172,7.813535928562251,3.903795089006401,3.015337694048913,9.384398058277593,1.560695466122798,9.557133893723549,3.0836401589987963,8.48577488540555,1.544292344517599,4.572117085375185,9.786217089967032,1.7840727749759324,9.69253230241939,0.6276306557062021,1.3062868167061161,2.958233803650698,0.5611013502025735,2.204809911949699,3.2959821283822723,4.975710408728972,8.618801831356294,5.929777443567275,5.39518991980688,5.921020761588776,9.47620034834198,8.04907518605068,1.3856331497731063,2.750550869887535,4.556499738855901,5.423232384880867,5.169833345451412,8.35415482884718,8.385568846566741,6.586009188730042,1.7860762668908485,9.55996805350561,9.543311889291852,0.26647909644337453,6.879480475419893,0.6622047457959219,0.3712831233049272,9.30821024417336,9.445764953208258,8.682574885856887,6.771693362238043,8.1444215918499,1.2482840870486953,2.8943098046885405,7.860683824598805,1.9000987788742503,2.0803894709128503,2.1436479686322425,5.853983150092436,4.79166113194307,3.004163214088555,9.196992064245991,9.365792442942084,4.781883622832331,9.84304721175242,1.7228074971722336,8.291981880875754,0.42238625207953184,6.539879659646456,4.5856901164871475,5.626413039013377,4.478111654052318,2.5133363745186905,7.8858931582303935,0.9244377746455221,7.277819679881977,
-----
1.7190180851769608,5.882345323789236,9.795757422753898,0.7016446356120216,1.3913092110428682,5.6658791413380865,7.115939529641036,7.62169490380094,3.9418177964890146,5.131496796884406,2.4176968868756257,7.411278426004339,6.708378825414542,5.384469042877496,0.38567401613822483,9.53302523926257,8.428657740717929,9.581251507790661,0.023060422076747855,2.9395998328318154,8.254114766313979,8.270761568565732,7.2793281868027435,2.1184031391249905,3.006453088479554,0.9532212136461222,7.490124657606378,2.528736218352998,5.344701732903463,4.4812593815453186,2.4410245022653,8.62936373795513,5.345069941814038,6.496329316379098,6.5445864849533955,8.856521171512451,5.017192894546624,4.349354230904269,8.485385426860617,2.7620244946154884,9.48937483436845,6.897873224760756,8.740433231885596,6.058244324493257,9.991917762731187,8.202821504004817,9.622630157475987,9.541322672032337,2.3516107800687456,8.466435993987098,2.9226259629926252,7.776111585927529,0.48193645898648185,8.558635689657951,0.8397030365272524,3.0259317516643778,7.312538550150334,0.1725892707642256,8.695030516722275,9.197350694121173,5.747976879370206,4.031040491346785,2.9108681659196423,9.544792784988786,9.579779735001052,3.63331731566573,4.917037259146283,0.5419044069768617,8.79729285797367,1.7888162331456154,1.0112102150275195,2.676201266428566,5.451799451122012,1.6261086755903094,9.752301258718735,6.9606439222914425,5.1248812456303625,2.897676732915758,2.2064779512072317,3.6803835183813387,5.135965920212335,8.218645352594297,6.293047960082518,7.305043727524691,3.8954941436319466,2.383736571791478,4.592707580150716,8.596502651232893,6.269125749258716,1.1000313480614352,5.283374794588299,1.7292533784420332,7.464884581165498,3.3539845853215944,8.359064287239162,0.7150311437536558,2.789130126979112,4.199496314443185,3.964991644913014,5.5855031588972075,2.6387243349677094,2.009702642634932,6.547338992698615,4.636426008942057,1.3057517340769031,6.178512244724265,7.568833209145618,4.573785454151032,4.567628231102186,7.888765315477784,0.7815378921529099,5.62704634742779,4.619427061114266,7.882261986584732,7.475984319081906,3.6067415629290256,1.6767253409890674,1.1727588329392908,4.741002316916516,5.483247986900238,9.536266241141025,9.336393562605531,7.571354014810973,9.35069928238696,7.528214168307903,6.394858425485813,5.650495219023947,3.6145971703434423,3.627762036149692,4.375002436250172,7.813535928562251,3.903795089006401,3.015337694048913,9.384398058277593,1.560695466122798,9.557133893723549,3.0836401589987963,8.48577488540555,1.544292344517599,4.572117085375185,9.786217089967032,1.7840727749759324,9.69253230241939,0.6276306557062021,1.3062868167061161,2.958233803650698,0.5611013502025735,2.204809911949699,3.2959821283822723,4.975710408728972,8.618801831356294,5.929777443567275,5.39518991980688,5.921020761588776,9.47620034834198,8.04907518605068,1.3856331497731063,2.750550869887535,4.556499738855901,5.423232384880867,5.169833345451412,8.35415482884718,8.385568846566741,6.586009188730042,1.7860762668908485,9.55996805350561,9.543311889291852,0.26647909644337453,6.879480475419893,0.6622047457959219,0.3712831233049272,9.30821024417336,9.445764953208258,8.682574885856887,6.771693362238043,8.1444215918499,1.2482840870486953,2.8943098046885405,7.860683824598805,1.9000987788742503,2.0803894709128503,2.1436479686322425,5.853983150092436,4.79166113194307,3.004163214088555,9.196992064245991,9.365792442942084,4.781883622832331,9.84304721175242,1.7228074971722336,8.291981880875754,0.42238625207953184,6.539879659646456,4.5856901164871475,5.626413039013377,4.478111654052318,2.5133363745186905,7.8858931582303935,0.9244377746455221,7.277819679881977,
-----
1.7190180851769608,5.882345323789236,9.795757422753898,0.7016446356120216,1.3913092110428682,5.6658791413380865,7.115939529641036,7.62169490380094,3.9418177964890146,5.131496796884406,2.4176968868756257,7.411278426004339,6.708378825414542,5.384469042877496,0.38567401613822483,9.53302523926257,8.428657740717929,9.581251507790661,0.023060422076747855,2.9395998328318154,8.254114766313979,8.270761568565732,7.2793281868027435,2.1184031391249905,3.006453088479554,0.9532212136461222,7.490124657606378,2.528736218352998,5.344701732903463,4.4812593815453186,2.4410245022653,8.62936373795513,5.345069941814038,6.496329316379098,6.5445864849533955,8.856521171512451,5.017192894546624,4.349354230904269,8.485385426860617,2.7620244946154884,9.48937483436845,6.897873224760756,8.740433231885596,6.058244324493257,9.991917762731186,8.202821504004817,9.622630157475987,9.541322672032337,2.3516107800687456,8.466435993987098,2.9226259629926252,7.776111585927529,0.48193645898648185,8.558635689657951,0.8397030365272524,3.0259317516643778,7.312538550150334,0.1725892707642256,8.695030516722275,9.197350694121173,5.747976879370206,4.031040491346785,2.9108681659196423,9.544792784988786,9.579779735001052,3.63331731566573,4.917037259146283,0.5419044069768617,8.79729285797367,1.7888162331456154,1.0112102150275195,2.676201266428566,5.451799451122012,1.6261086755903094,9.752301258718735,6.9606439222914425,5.1248812456303625,2.897676732915758,2.2064779512072317,3.6803835183813387,5.135965920212335,8.218645352594297,6.293047960082518,7.305043727524691,3.8954941436319466,2.383736571791478,4.592707580150716,8.596502651232893,6.269125749258716,1.1000313480614352,5.283374794588299,1.7292533784420332,7.464884581165498,3.3539845853215944,8.359064287239162,0.7150311437536558,2.789130126979112,4.199496314443185,3.964991644913014,5.5855031588972075,2.6387243349677094,2.009702642634932,6.547338992698615,4.636426008942057,1.3057517340769031,6.178512244724265,7.568833209145618,4.573785454151032,4.567628231102186,7.888765315477784,0.7815378921529099,5.62704634742779,4.619427061114266,7.882261986584732,7.475984319081906,3.6067415629290256,1.6767253409890674,1.1727588329392908,4.741002316916516,5.483247986900238,9.536266241141025,9.336393562605531,7.571354014810973,9.35069928238696,7.528214168307903,6.394858425485813,5.650495219023947,3.6145971703434423,3.627762036149692,4.375002436250172,7.813535928562251,3.903795089006401,3.015337694048913,9.384398058277593,1.560695466122798,9.557133893723549,3.0836401589987963,8.48577488540555,1.544292344517599,4.572117085375185,9.786217089967032,1.7840727749759324,9.69253230241939,0.6276306557062021,1.3062868167061161,2.958233803650698,0.5611013502025735,2.204809911949699,3.2959821283822723,4.975710408728972,8.618801831356294,5.929777443567275,5.39518991980688,5.921020761588776,9.47620034834198,8.04907518605068,1.3856331497731063,2.750550869887535,4.556499738855901,5.423232384880867,5.169833345451412,8.35415482884718,8.385568846566741,6.586009188730042,1.7860762668908485,9.55996805350561,9.543311889291852,0.26647909644337453,6.879480475419893,0.6622047457959219,0.3712831233049272,9.30821024417336,9.445764953208258,8.682574885856887,6.771693362238043,8.1444215918499,1.2482840870486953,2.8943098046885405,7.860683824598805,1.9000987788742503,2.0803894709128503,2.1436479686322425,5.853983150092436,4.79166113194307,3.004163214088555,9.196992064245991,9.365792442942084,4.781883622832331,9.84304721175242,1.7228074971722336,8.291981880875754,0.42238625207953184,6.539879659646456,4.5856901164871475,5.626413039013377,4.478111654052318,2.5133363745186905,7.8858931582303935,0.9244377746455221,7.277819679881977,
-----
1.7190180851769608,5.882345323789236,9.795757422753898,0.7016446356120216,1.3913092110428682,5.6658791413380865,7.115939529641036,7.62169490380094,3.9418177964890146,5.131496796884406,2.4176968868756257,7.411278426004339,6.708378825414542,5.384469042877496,0.38567401613822483,9.53302523926257,8.428657740717929,9.581251507790661,0.023060422076747855,2.9395998328318154,8.254114766313979,8.270761568565732,7.2793281868027435,2.1184031391249905,3.006453088479554,0.9532212136461222,7.490124657606378,2.528736218352998,5.344701732903463,4.4812593815453186,2.4410245022653,8.62936373795513,5.345069941814038,6.496329316379098,6.5445864849533955,8.856521171512451,5.017192894546624,4.349354230904269,8.485385426860617,2.7620244946154884,9.48937483436845,6.897873224760756,8.740433231885596,6.058244324493257,9.991917762731186,8.202821504004817,9.622630157475987,9.541322672032337,2.3516107800687456,8.466435993987098,2.9226259629926252,7.776111585927529,0.48193645898648185,8.558635689657951,0.8397030365272524,3.0259317516643778,7.312538550150334,0.1725892707642256,8.695030516722275,9.197350694121173,5.747976879370206,4.031040491346785,2.9108681659196423,9.544792784988786,9.579779735001052,3.63331731566573,4.917037259146283,0.5419044069768617,8.79729285797367,1.7888162331456154,1.0112102150275195,2.676201266428566,5.451799451122012,1.6261086755903094,9.752301258718735,6.9606439222914425,5.124881245630362,2.897676732915758,2.2064779512072317,3.6803835183813387,5.135965920212335,8.218645352594297,6.293047960082518,7.305043727524691,3.8954941436319466,2.383736571791478,4.592707580150716,8.596502651232893,6.269125749258716,1.1000313480614352,5.283374794588299,1.7292533784420332,7.464884581165498,3.3539845853215944,8.359064287239162,0.7150311437536558,2.789130126979112,4.199496314443185,3.964991644913014,5.5855031588972075,2.6387243349677094,2.009702642634932,6.547338992698615,4.636426008942057,1.3057517340769031,6.178512244724265,7.568833209145618,4.573785454151032,4.567628231102186,7.888765315477782,0.7815378921529099,5.62704634742779,4.619427061114266,7.882261986584732,7.475984319081906,3.6067415629290256,1.6767253409890674,1.1727588329392908,4.741002316916516,5.483247986900238,9.536266241141025,9.336393562605531,7.571354014810973,9.35069928238696,7.528214168307903,6.394858425485813,5.650495219023947,3.6145971703434423,3.627762036149692,4.375002436250172,7.813535928562251,3.903795089006401,3.015337694048913,9.384398058277593,1.560695466122798,9.557133893723549,3.0836401589987963,8.48577488540555,1.544292344517599,4.572117085375185,9.786217089967032,1.7840727749759324,9.69253230241939,0.6276306557062021,1.3062868167061161,2.958233803650698,0.5611013502025735,2.204809911949699,3.2959821283822723,4.975710408728972,8.618801831356294,5.929777443567275,5.39518991980688,5.921020761588776,9.47620034834198,8.04907518605068,1.3856331497731063,2.750550869887535,4.556499738855901,5.423232384880867,5.169833345451412,8.35415482884718,8.385568846566741,6.586009188730042,1.7860762668908485,9.55996805350561,9.543311889291852,0.26647909644337453,6.879480475419893,0.6622047457959219,0.3712831233049272,9.30821024417336,9.445764953208258,8.682574885856887,6.771693362238043,8.1444215918499,1.2482840870486953,2.8943098046885405,7.860683824598805,1.9000987788742503,2.0803894709128503,2.1436479686322425,5.853983150092436,4.79166113194307,3.004163214088555,9.196992064245991,9.365792442942084,4.781883622832331,9.84304721175242,1.7228074971722336,8.291981880875754,0.42238625207953184,6.539879659646456,4.5856901164871475,5.626413039013377,4.478111654052318,2.5133363745186905,7.885893158230393,0.9244377746455221,7.277819679881977,
-----
1.7190180851769608,5.882345323789236,9.795757422753898,0.7016446356120216,1.3913092110428682,5.6658791413380865,7.115939529641036,7.62169490380094,3.9418177964890146,5.131496796884406,2.4176968868756257,7.411278426004339,6.708378825414542,5.384469042877496,0.38567401613822483,9.53302523926257,8.428657740717929,9.581251507790661,0.023060422076747855,2.9395998328318154,8.254114766313979,8.270761568565732,7.2793281868027435,2.1184031391249905,3.006453088479554,0.9532212136461222,7.490124657606378,2.528736218352998,5.344701732903463,4.4812593815453186,2.4410245022653,8.62936373795513,5.345069941814038,6.496329316379098,6.5445864849533955,8.856521171512451,5.017192894546624,4.349354230904269,8.485385426860617,2.7620244946154884,9.48937483436845,6.897873224760756,8.740433231885596,6.058244324493257,9.991917762731186,8.202821504004817,9.622630157475987,9.541322672032337,2.3516107800687456,8.466435993987098,2.9226259629926252,7.776111585927529,0.48193645898648185,8.558635689657951,0.8397030365272524,3.0259317516643778,7.312538550150334,0.1725892707642256,8.695030516722275,9.197350694121173,5.747976879370206,4.031040491346785,2.9108681659196423,9.544792784988786,9.579779735001052,3.63331731566573,4.917037259146283,0.5419044069768617,8.79729285797367,1.7888162331456154,1.0112102150275195,2.676201266428566,5.451799451122012,1.6261086755903094,9.752301258718735,6.9606439222914425,5.1248812456303625,2.897676732915758,2.2064779512072317,3.6803835183813387,5.135965920212335,8.218645352594297,6.293047960082518,7.305043727524691,3.8954941436319466,2.383736571791478,4.592707580150716,8.596502651232893,6.269125749258716,1.1000313480614352,5.283374794588299,1.7292533784420332,7.464884581165498,3.3539845853215944,8.359064287239162,0.7150311437536558,2.789130126979112,4.199496314443185,3.964991644913014,5.5855031588972075,2.6387243349677094,2.009702642634932,6.547338992698615,4.636426008942057,1.3057517340769031,6.178512244724265,7.568833209145618,4.573785454151032,4.567628231102186,7.888765315477784,0.7815378921529099,5.62704634742779,4.619427061114266,7.882261986584732,7.475984319081906,3.6067415629290256,1.6767253409890674,1.1727588329392908,4.741002316916516,5.483247986900238,9.536266241141025,9.336393562605531,7.571354014810973,9.35069928238696,7.528214168307903,6.394858425485813,5.650495219023947,3.6145971703434423,3.627762036149692,4.375002436250172,7.813535928562251,3.903795089006401,3.015337694048913,9.384398058277593,1.560695466122798,9.557133893723549,3.0836401589987963,8.48577488540555,1.544292344517599,4.572117085375185,9.786217089967032,1.7840727749759324,9.69253230241939,0.6276306557062021,1.3062868167061161,2.958233803650698,0.5611013502025735,2.204809911949699,3.2959821283822723,4.975710408728972,8.618801831356294,5.929777443567275,5.39518991980688,5.921020761588776,9.47620034834198,8.04907518605068,1.3856331497731063,2.750550869887535,4.556499738855901,5.423232384880867,5.169833345451412,8.35415482884718,8.385568846566741,6.586009188730042,1.7860762668908485,9.55996805350561,9.543311889291852,0.26647909644337453,6.879480475419893,0.6622047457959219,0.3712831233049272,9.30821024417336,9.445764953208258,8.682574885856887,6.771693362238043,8.1444215918499,1.2482840870486953,2.8943098046885405,7.860683824598805,1.9000987788742503,2.0803894709128503,2.1436479686322425,5.853983150092436,4.79166113194307,3.004163214088555,9.196992064245991,9.365792442942084,4.781883622832331,9.84304721175242,1.7228074971722336,8.291981880875754,0.42238625207953184,6.539879659646456,4.5856901164871475,5.626413039013377,4.478111654052318,2.5133363745186905,7.8858931582303935,0.9244377746455221,7.277819679881977,
-----
1.7190180851769608,5.882345323789236,9.795757422753898,0.7016446356120216,1.3913092110428682,5.6658791413380865,7.115939529641036,7.62169490380094,3.9418177964890146,5.131496796884406,2.4176968868756257,7.411278426004339,6.708378825414542,5.384469042877496,0.38567401613822483,9.53302523926257,8.428657740717929,9.581251507790661,0.023060422076747855,2.9395998328318154,8.254114766313979,8.270761568565732,7.2793281868027435,2.1184031391249905,3.006453088479554,0.9532212136461222,7.490124657606378,2.528736218352998,5.344701732903463,4.4812593815453186,2.4410245022653,8.62936373795513,5.345069941814038,6.496329316379098,6.5445864849533955,8.856521171512451,5.017192894546624,4.349354230904269,8.485385426860617,2.7620244946154884,9.48937483436845,6.897873224760756,8.740433231885596,6.058244324493257,9.991917762731186,8.202821504004817,9.622630157475987,9.541322672032337,2.3516107800687456,8.466435993987098,2.9226259629926252,7.776111585927529,0.48193645898648185,8.558635689657951,0.8397030365272524,3.0259317516643778,7.312538550150334,0.1725892707642256,8.695030516722275,9.197350694121173,5.747976879370206,4.031040491346785,2.9108681659196423,9.544792784988786,9.579779735001052,3.63331731566573,4.917037259146283,0.5419044069768617,8.79729285797367,1.7888162331456154,1.0112102150275195,2.676201266428566,5.451799451122012,1.6261086755903094,9.752301258718735,6.9606439222914425,5.124881245630362,2.897676732915758,2.2064779512072317,3.6803835183813387,5.135965920212335,8.218645352594297,6.293047960082518,7.305043727524691,3.8954941436319466,2.383736571791478,4.592707580150716,8.596502651232893,6.269125749258716,1.1000313480614352,5.283374794588299,1.7292533784420332,7.464884581165498,3.3539845853215944,8.359064287239162,0.7150311437536558,2.789130126979112,4.199496314443185,3.964991644913014,5.5855031588972075,2.6387243349677094,2.009702642634932,6.547338992698615,4.636426008942057,1.3057517340769031,6.178512244724265,7.568833209145618,4.573785454151032,4.567628231102186,7.888765315477783,0.7815378921529099,5.62704634742779,4.619427061114266,7.882261986584732,7.475984319081906,3.6067415629290256,1.6767253409890674,1.1727588329392908,4.741002316916516,5.483247986900238,9.536266241141025,9.336393562605531,7.571354014810973,9.35069928238696,7.528214168307903,6.394858425485813,5.650495219023947,3.6145971703434423,3.627762036149692,4.375002436250172,7.813535928562251,3.903795089006401,3.015337694048913,9.384398058277593,1.560695466122798,9.557133893723549,3.0836401589987963,8.48577488540555,1.544292344517599,4.572117085375185,9.786217089967032,1.7840727749759324,9.69253230241939,0.6276306557062021,1.3062868167061161,2.958233803650698,0.5611013502025735,2.204809911949699,3.2959821283822723,4.975710408728972,8.618801831356294,5.929777443567275,5.39518991980688,5.921020761588776,9.47620034834198,8.04907518605068,1.3856331497731063,2.750550869887535,4.556499738855901,5.423232384880867,5.169833345451412,8.35415482884718,8.385568846566741,6.586009188730042,1.7860762668908485,9.55996805350561,9.543311889291852,0.26647909644337453,6.879480475419893,0.6622047457959219,0.3712831233049272,9.30821024417336,9.445764953208258,8.682574885856887,6.771693362238043,8.1444215918499,1.2482840870486953,2.8943098046885405,7.860683824598805,1.9000987788742503,2.0803894709128503,2.1436479686322425,5.853983150092436,4.79166113194307,3.004163214088555,9.196992064245991,9.365792442942084,4.781883622832331,9.84304721175242,1.7228074971722336,8.291981880875754,0.42238625207953184,6.539879659646456,4.5856901164871475,5.626413039013377,4.478111654052318,2.5133363745186905,7.8858931582303935,0.9244377746455221,7.277819679881977,
-----
1.7190180851769608,5.882345323789236,9.795757422753898,0.7016446356120216,1.3913092110428682,5.6658791413380865,7.115939529641036,7.62169490380094,3.9418177964890146,5.131496796884406,2.4176968868756257,7.411278426004339,6.708378825414542,5.384469042877496,0.38567401613822483,9.53302523926257,8.428657740717929,9.581251507790661,0.023060422076747855,2.9395998328318154,8.254114766313979,8.270761568565732,7.2793281868027435,2.1184031391249905,3.006453088479554,0.9532212136461222,7.490124657606378,2.528736218352998,5.344701732903463,4.4812593815453186,2.4410245022653,8.62936373795513,5.345069941814038,6.496329316379098,6.5445864849533955,8.856521171512451,5.017192894546624,4.349354230904269,8.485385426860617,2.7620244946154884,9.48937483436845,6.897873224760756,8.740433231885596,6.058244324493257,9.991917762731186,8.202821504004817,9.622630157475987,9.541322672032337,2.3516107800687456,8.466435993987098,2.9226259629926252,7.776111585927529,0.48193645898648185,8.558635689657951,0.8397030365272524,3.0259317516643778,7.312538550150334,0.1725892707642256,8.695030516722275,9.197350694121173,5.747976879370206,4.031040491346785,2.9108681659196423,9.544792784988786,9.579779735001052,3.63331731566573,4.917037259146283,0.5419044069768617,8.79729285797367,1.7888162331456154,1.0112102150275195,2.676201266428566,5.451799451122012,1.6261086755903094,9.752301258718735,6.9606439222914425,5.124881245630362,2.897676732915758,2.2064779512072317,3.6803835183813387,5.135965920212335,8.218645352594297,6.293047960082518,7.305043727524691,3.8954941436319466,2.383736571791478,4.592707580150716,8.596502651232893,6.269125749258716,1.1000313480614352,5.283374794588299,1.7292533784420332,7.464884581165498,3.3539845853215944,8.359064287239162,0.7150311437536558,2.789130126979112,4.199496314443185,3.964991644913014,5.5855031588972075,2.6387243349677094,2.009702642634932,6.547338992698615,4.636426008942057,1.3057517340769031,6.178512244724265,7.568833209145618,4.573785454151032,4.567628231102186,7.888765315477782,0.7815378921529099,5.62704634742779,4.619427061114266,7.882261986584732,7.475984319081906,3.6067415629290256,1.6767253409890674,1.1727588329392908,4.741002316916516,5.483247986900238,9.536266241141025,9.336393562605531,7.571354014810973,9.35069928238696,7.528214168307903,6.394858425485813,5.650495219023947,3.6145971703434423,3.627762036149692,4.375002436250172,7.813535928562251,3.903795089006401,3.015337694048913,9.384398058277593,1.560695466122798,9.557133893723549,3.0836401589987963,8.48577488540555,1.544292344517599,4.572117085375185,9.786217089967032,1.7840727749759324,9.69253230241939,0.6276306557062021,1.3062868167061161,2.958233803650698,0.5611013502025735,2.204809911949699,3.2959821283822723,4.975710408728972,8.618801831356294,5.929777443567275,5.39518991980688,5.921020761588776,9.47620034834198,8.04907518605068,1.3856331497731063,2.750550869887535,4.556499738855901,5.423232384880867,5.169833345451412,8.35415482884718,8.385568846566741,6.586009188730042,1.7860762668908485,9.55996805350561,9.543311889291852,0.26647909644337453,6.879480475419893,0.6622047457959219,0.3712831233049272,9.30821024417336,9.445764953208258,8.682574885856887,6.771693362238043,8.1444215918499,1.2482840870486953,2.8943098046885405,7.860683824598805,1.9000987788742503,2.0803894709128503,2.1436479686322425,5.853983150092436,4.79166113194307,3.004163214088555,9.196992064245991,9.365792442942084,4.781883622832331,9.84304721175242,1.7228074971722336,8.291981880875754,0.42238625207953184,6.539879659646456,4.5856901164871475,5.626413039013377,4.478111654052318,2.5133363745186905,7.8858931582303935,0.9244377746455221,7.277819679881977,
-----
1.7190180851769608,5.882345323789236,9.795757422753898,0.7016446356120216,1.3913092110428682,5.6658791413380865,7.115939529641036,7.62169490380094,3.9418177964890146,5.131496796884406,2.4176968868756257,7.411278426004339,6.708378825414542,5.384469042877496,0.38567401613822483,9.53302523926257,8.428657740717929,9.581251507790661,0.023060422076747855,2.9395998328318154,8.254114766313979,8.270761568565732,7.2793281868027435,2.1184031391249905,3.006453088479554,0.9532212136461222,7.490124657606378,2.528736218352998,5.344701732903463,4.4812593815453186,2.4410245022653,8.62936373795513,5.345069941814038,6.496329316379098,6.5445864849533955,8.856521171512451,5.017192894546624,4.349354230904269,8.485385426860617,2.7620244946154884,9.48937483436845,6.897873224760756,8.740433231885596,6.058244324493257,9.991917762731186,8.202821504004817,9.622630157475987,9.541322672032337,2.3516107800687456,8.466435993987098,2.9226259629926252,7.776111585927529,0.48193645898648185,8.558635689657951,0.8397030365272524,3.0259317516643778,7.312538550150334,0.1725892707642256,8.695030516722275,9.197350694121173,5.747976879370206,4.031040491346785,2.9108681659196423,9.544792784988786,9.579779735001052,3.63331731566573,4.917037259146283,0.5419044069768617,8.79729285797367,1.7888162331456154,1.0112102150275195,2.676201266428566,5.451799451122012,1.6261086755903094,9.752301258718735,6.9606439222914425,5.124881245630362,2.897676732915758,2.2064779512072317,3.6803835183813387,5.135965920212335,8.218645352594297,6.293047960082518,7.305043727524691,3.8954941436319466,2.383736571791478,4.592707580150716,8.596502651232893,6.269125749258716,1.1000313480614352,5.283374794588299,1.7292533784420332,7.464884581165498,3.3539845853215944,8.359064287239162,0.7150311437536558,2.789130126979112,4.199496314443185,3.964991644913014,5.5855031588972075,2.6387243349677094,2.009702642634932,6.547338992698615,4.636426008942057,1.3057517340769031,6.178512244724265,7.568833209145618,4.573785454151032,4.567628231102186,7.888765315477782,0.7815378921529099,5.62704634742779,4.619427061114266,7.882261986584732,7.475984319081906,3.6067415629290256,1.6767253409890674,1.1727588329392908,4.741002316916516,5.483247986900238,9.536266241141025,9.336393562605531,7.571354014810973,9.35069928238696,7.528214168307903,6.394858425485813,5.650495219023947,3.6145971703434423,3.627762036149692,4.375002436250172,7.813535928562251,3.903795089006401,3.015337694048913,9.384398058277593,1.560695466122798,9.557133893723549,3.0836401589987963,8.48577488540555,1.544292344517599,4.572117085375185,9.786217089967032,1.7840727749759324,9.69253230241939,0.6276306557062021,1.3062868167061161,2.958233803650698,0.5611013502025735,2.204809911949699,3.2959821283822723,4.975710408728972,8.618801831356294,5.929777443567275,5.39518991980688,5.921020761588776,9.47620034834198,8.04907518605068,1.3856331497731063,2.750550869887535,4.556499738855901,5.423232384880867,5.169833345451412,8.35415482884718,8.385568846566741,6.586009188730042,1.7860762668908485,9.55996805350561,9.543311889291852,0.26647909644337453,6.879480475419893,0.6622047457959219,0.3712831233049272,9.30821024417336,9.445764953208258,8.682574885856887,6.771693362238043,8.1444215918499,1.2482840870486953,2.8943098046885405,7.860683824598805,1.9000987788742503,2.0803894709128503,2.1436479686322425,5.853983150092436,4.79166113194307,3.004163214088555,9.196992064245991,9.365792442942084,4.781883622832331,9.84304721175242,1.7228074971722336,8.291981880875754,0.42238625207953184,6.539879659646456,4.5856901164871475,5.626413039013377,4.478111654052318,2.5133363745186905,7.885893158230393,0.9244377746455221,7.277819679881977,
