measures : inver / alg

Generations Run: 1000.0
Generation fitness average: 1.0
Overall fitness Average: 0.999
Best fitness: 1.9079869100739422

Final fitness: 1.9079869100739422

instances

-----
6.566771086706879,6.539704829467405,5.187881609014358,4.006035242525157,6.63445738121901,4.398900701499769,3.218784637570815,5.538791841593964,8.484921841314598,3.9657498095476402,4.854266727344667,6.064215214147406,6.56172666325155,2.8631267620879006,4.201147685206855,6.973954718357178,3.9452982327168336,1.9633186587180007,4.415494953650233,8.165865686759258,5.552985008076783,3.6879380724643154,5.632099284022881,5.662996955909511,3.2665082048677547,5.665639932942619,7.065084717382149,3.3599149233303254,5.880715389161313,4.106858042088403,2.437514309684037,6.765108330130804,2.2452604917490038,0.7854358087399764,6.342017543051594,2.4529899214140762,8.637777316059797,5.836032574077843,2.9961635962739335,4.383997641080511,3.027986712693909,2.201501669002263,5.942509865777652,6.974922293547423,7.901435058308637,3.7222137264635293,7.079800786648189,5.091454318845077,3.4549699146555755,3.818450474809141,4.588586564402027,4.2182965610954355,3.8954034328710785,3.4674678368488503,4.111625366251843,8.90438377331502,2.8261738631889832,2.0833440680404647,3.4313848938379605,3.8008835802792,6.526188863546344,5.099079093132627,7.438155751144258,3.8829177870824667,2.0082383054673842,4.843282219039411,2.947802677792004,6.764519714623509,5.02215779197229,4.215914601147993,7.9268430521546644,1.2886996200694254,6.873696865953669,3.5512922864432865,5.0601358715816325,4.86227204446487,7.579141583982408,5.590487864891186,4.817332306187499,2.940177556214615,3.5783989440246824,6.805175331789572,6.922420612890451,6.411667692161794,8.803140617837851,6.897881912740726,2.1662454300634137,7.851010241064894,7.197731198043175,6.156702378619911,6.047209674341224,5.531438069942214,5.047448721475722,4.504600189275164,3.650145228773694,9.18115026976724,3.2506478336297375,2.558125569395849,1.3127302142932529,4.768039234776982,4.393325955879167,6.578699567063596,6.247886891652314,6.202125440407492,7.634488574595909,7.489407088207242,3.430418811351456,3.9457582299959015,4.93881509047725,6.666436746095114,3.574037454670929,8.531082158503388,7.487517204607303,5.309941452228641,8.411566628742744,8.68583015748099,6.775239128350464,6.00623576391983,2.0459266113386323,7.015313206576905,2.217978682794699,6.686805894458827,4.7335452744996465,5.928619493691109,7.546300040705956,6.473189217916337,6.594563346865849,5.97628632596034,1.9891093229544046,2.547735072661976,5.004712600179336,5.053904772630136,4.919734129655857,9.138598313348576,6.755114871618025,2.999011760712616,4.466028886696613,7.351007135073887,2.7582221380166287,5.6296667467884856,4.057521871293625,1.3820561901633222,5.381279057259223,3.458559566922687,2.720868080810573,6.857349140034765,1.820797676347119,3.4911302386050256,7.412150990617759,1.6290202334646913,4.9379146990704035,2.654198305726593,3.250805860770744,2.4875633393932155,6.146364958292064,2.900182555682953,5.685710090503562,6.326600111947416,3.848719860519204,3.9855714987826336,7.892316060321345,5.1435998475468026,1.7310715217218315,4.592053537646808,3.050827351745966,4.223264661224453,4.969548823796249,3.0695032967164835,2.8942184504917434,6.464553978935815,6.285650927637002,6.690362574537892,5.559585485995777,8.58428335314268,3.1112051610070317,3.6841843237943626,3.7683318705534656,4.380112299762482,6.507307449448129,5.889465816089337,5.510876086616581,1.7514398746185895,3.504298243282278,8.005122713851112,7.371058124726817,5.509404666667511,5.667309225836139,6.993762342956452,8.228239978395745,6.850724338843157,3.6508064444837798,1.5812745213851938,2.8791428628406535,8.372212992161757,2.214946310060542,6.936618949627845,6.679799243336737,6.092151548875916,0.8199305409866845,5.309374118579023,
-----
6.565050017323175,6.538050773416301,5.184678273365476,4.0111218907768365,6.634457209619306,4.398900660573239,3.2186036507889044,5.538637693906269,8.484773087548712,3.965813991014432,4.917286888014592,6.016521749790169,6.5616666629687685,2.863247659860204,4.201141999291902,6.973961753689638,3.9466764322042396,1.9645884435475927,4.415439312681293,8.165766106578097,5.553097666626137,3.6879647226410337,5.632099123601211,5.662996796328849,3.266340362363371,5.665880635310125,7.06508620568362,3.359920518776186,5.8806639540227685,4.106903003609311,2.43756401809946,6.747081027105143,2.246117422797992,0.7858864263269981,6.342184684991596,2.453233451873324,8.637773266192882,5.8360135294507955,2.994135020953787,4.384937818388809,3.0279570350147327,2.2015428045917345,5.943523731644255,6.973203144065344,7.901918994591284,3.7229283057289986,7.079800758769039,5.09145438578496,3.4550220009195156,3.8181350238086313,4.5884948869295625,4.21805608429396,3.8953926779190358,3.4674724550352214,4.111967879135091,8.904249718993022,2.8441140883063003,2.0844349525792203,3.431517871682895,3.800824289579247,6.525609377822838,5.09851374825187,7.436623756352717,3.8834683685821627,2.0082353205567482,4.843283828557384,2.938231909122554,6.754092645379101,5.0194415497005185,4.197258160539354,7.926637309264068,1.288757247771784,6.8731855881165345,3.551542320107645,5.055370403500795,4.870105283920412,7.574197353398154,5.5873422867591085,4.815649861132612,2.9423390493062596,3.5788121436567586,6.800999944052029,6.92242591567023,6.411672789141654,8.800793677943682,6.891844118393341,2.1862941730538856,7.832407765306855,7.196456849609072,6.155290623989235,6.047309831696101,5.531261529640505,5.0474881083816605,4.50469513668795,3.650183839342107,9.181146598734298,3.250650480856115,2.558126473962451,1.3128184085710675,4.768008231796657,4.3933139577582185,6.578610771806851,6.247883646115054,6.202137892037785,7.634493467017483,7.489390572351707,3.4379336883636205,3.9523153887629743,4.924028770315095,6.664911686239977,3.597233895657574,8.488777328301214,7.487510431599638,5.309935015477642,8.411563153309036,8.685828379961404,6.7751847440354265,6.0061860707862476,2.0460289961678626,7.015264866760832,2.2180246920648443,6.686722302446091,4.733886086448622,5.927888485036229,7.54616923193453,6.473075126713029,6.594561581544918,5.976287192397596,1.9882100141656893,2.548325249250703,5.004722370068763,5.053926843961701,4.918270792343405,9.137131878548567,6.754949227063889,2.9992691448044724,4.465887087846763,7.350856047673398,2.758291161397139,5.629549339511634,4.056573925948111,1.3817207848101065,5.3814170824908185,3.458492465662357,2.7208679267004072,6.8573491188390365,1.8209454846313908,3.4913051465984144,7.410775619139206,1.629555345395092,4.939315342042489,2.6544236706467403,3.2576289503299667,2.501067766578036,6.14654138113786,2.9007096402503487,5.685758999877982,6.326445980148101,3.8487165850469056,3.9855824601791507,7.892311559915665,5.143602439233675,1.6781792497014068,4.545222327975912,3.048251943009616,4.218761488926381,4.969548428982728,3.0695011618978634,2.899268615360142,6.464271733823232,6.285416955251669,6.690582119656479,5.559586178223309,8.584282985978927,3.1110920778493565,3.6842135737393753,3.7683518281877504,4.380093705630476,6.507289022270936,5.889480474763098,5.511302957882208,1.7515879250038477,3.5014024238220682,7.998652008622086,7.37102488427319,5.509357589325603,5.667392964699214,6.993762052610288,8.228235441178306,6.850731938240311,3.6508244218406087,1.5812629797579452,2.8783833201117703,8.372898856022426,2.214919943989845,6.9361660905520335,6.681876958887312,6.092874581088997,0.8199309561457265,5.309373768966151,
-----
6.565049107406129,6.538049898928723,5.190540960721663,4.001812398529003,6.6344523759679745,4.3988995077473945,3.2184049746848773,5.538468480101191,8.484754359925189,3.9658220712558974,4.908327942595548,6.023301852212623,6.561600625098613,2.8633807230895663,4.2011562697004186,6.973944096536993,3.947074514230128,1.9649552108566979,4.415445924398957,8.165777939514426,5.55329300834507,3.6880109321063594,5.632100099813422,5.66299776742329,3.2664005379019123,5.665794337773956,7.065092653615418,3.359944760540376,5.880704666752683,4.106867414976538,2.437561602534987,6.747957058102336,2.2435818544920094,0.7845530965647963,6.342173318968358,2.4532168912610754,8.637758884171948,5.835945897543201,2.9909470653274504,4.386415329975376,3.0277667760862856,2.201806518379032,5.94349618938865,6.97324984576033,7.901835887391346,3.722805589817801,7.079800756891229,5.09145439029372,3.4550464140179202,3.8179871703107056,4.586369397895502,4.212480769107534,3.895397730514551,3.4674702854460264,4.111842948413543,8.904298614973271,2.8505024035563484,2.0848234044681684,3.4314734143874244,3.8008441117095257,6.522864051004319,5.095835413998071,7.4366367517622605,3.8834636981798125,2.008244463589718,4.843278898468115,2.9389570116293005,6.754882623102757,5.020628368361666,4.205409794174918,7.926852820408634,1.2886968840233308,6.873495598613613,3.5513907135740848,5.044744094373926,4.8875722824413135,7.574833513606948,5.587747019428263,4.815707313554913,2.9422652382694348,3.5785495313700855,6.803653644676093,6.922426364564508,6.411673220614427,8.80388393495909,6.899794188348667,2.1769367003575963,7.841090212833463,7.196429215949756,6.1552600107397835,6.047385812441871,5.531127603741616,5.0477901255874436,4.505423189618822,3.6503080018132215,9.181134793559172,3.250650039301683,2.558126323081742,1.3126297504251447,4.768074550892761,4.393314075425767,6.578611642636564,6.247878232436838,6.202158661825426,7.634509980607717,7.489334825710392,3.4356998813433663,3.950366264743633,4.9261164191381885,6.665127006169264,3.603214820316615,8.477869534200455,7.487514143874946,5.309938543451176,8.411335348511821,8.685711868606818,6.775189257985054,6.006190195363374,2.0459879642485346,7.015284239508224,2.2181911224657376,6.686419923118032,4.73355167416643,5.928605767025068,7.546170947955532,6.473076623423831,6.594563479219163,5.976286261000004,1.9885031972366294,2.548132846166411,5.0047247770519885,5.053932281620462,4.919383785915848,9.138247228026042,6.75477739564347,2.9995361422577123,4.465865388536358,7.350832926947065,2.758292099702975,5.629547743473707,4.051433305401118,1.379901912384106,5.381304737990189,3.4585470821806292,2.720866713103227,6.857348951925472,1.8210067707165571,3.4913776690976226,7.411332716967676,1.6293385969027299,4.939511298485664,2.6544552002435386,3.250110981190268,2.486188016584492,6.146534833913586,2.900690079626787,5.685775250497382,6.32639476834591,3.848718035596339,3.9855776059028645,7.8922982095866345,5.1436101274011286,1.5974905790397775,4.473779980928287,3.051758278459247,4.224892411929658,4.969546384236202,3.0694901056327466,2.900686521536008,6.464192489462173,6.285458195331269,6.690543422533511,5.559587089919098,8.584282502407222,3.110604738028227,3.6843396284345546,3.7686172670551907,4.379846401502629,6.50744819123971,5.889353857106922,5.5109160154181085,1.7514537229961331,3.498926458114771,7.993119466117542,7.371043629119512,5.509384137024057,5.667299860306906,6.993762375429373,8.228235541381398,6.850731770409893,3.6508170637608743,1.5812677037123264,2.8783222063739746,8.372954041468287,2.214974117865901,6.93709657168918,6.682463560044324,6.093078714678232,0.8199307415694886,5.309373949664648,
-----
6.565045249149361,6.53804619090102,5.191545129765405,4.000217856067451,6.634451553041431,4.398899311479414,3.2183264511448257,5.538401601061735,8.484727768608838,3.965833544375096,4.904315187970419,6.026338692608672,6.561509491294532,2.8635643534556974,4.201161305197265,6.973937865984003,3.9488407229683467,1.966582482584903,4.4159114549510505,8.166611095686871,5.553327550476188,3.6880191032918024,5.632102010008842,5.662999667604557,3.2664504906900085,5.665722700649603,7.065096005547064,3.359957362524873,5.880758818150697,4.106820079064107,2.4375461916834387,6.753545972743561,2.243353628110525,0.784433083616916,6.342002007215829,2.452967285268901,8.637722674405467,5.835775619972915,2.9892108370750456,4.387220014124259,3.0275226432384548,2.2021449056412252,5.943471370636673,6.973291929379093,7.901734167710147,3.7226553907571356,7.079800754662328,5.091454395645474,3.4550927178641233,3.8177067394733353,4.58557491850596,4.210396790816031,3.8954059874131737,3.4674667399261083,4.111786758563239,8.904320606824246,2.858431942949475,2.0853055729954217,3.4313430160598886,3.8009022522826124,6.512762649842701,5.085980511273917,7.4370463305879,3.8833165002093564,2.0082466454489247,4.8432777219700425,2.939182943125587,6.755128768782131,5.0223610336287505,4.21731056126994,7.927333132072112,1.2885623507838007,6.873713932070833,3.551283940484395,5.022262616577871,4.924526217690428,7.574895168396932,5.587786244936824,4.8157091727674555,2.9422628496772756,3.578317219646251,6.80600115771262,6.922427000625586,6.411673831990091,8.803983593272376,6.900050571736296,2.1700811927634134,7.847451180894675,7.195590559971905,6.1543309269597195,6.04833333451099,5.529457473453513,5.047928756382875,4.505757377721322,3.650318456212924,9.181133799571068,3.2506499332029746,2.558126286827439,1.3125157951799564,4.768114609639338,4.393318259368816,6.5786426070099715,6.247830114757438,6.202343267179288,7.634586047470586,7.489078038902651,3.4336866831626516,3.9486096345181267,4.927924501778221,6.6653134916652395,3.6098635986766556,8.465743732671879,7.487515796477833,5.309940114007983,8.411323320612194,8.685705716906348,6.77524485193982,6.006240993793376,2.0458909581404034,7.015330039823175,2.2186702279629613,6.685549459563642,4.733420111381072,5.928887956470142,7.546178774317234,6.473083449564114,6.594566901783997,5.976284581170782,1.9890827562379323,2.5477525072231617,5.004727477054585,5.0539383812445156,4.927411667254491,9.1462921022086,6.7547634981856,2.9995577365962136,4.465856599986282,7.350823562701965,2.758316565955066,5.629506126908255,4.048553344350455,1.3788829144450205,5.3812992001076,3.4585497744340454,2.7208634481506886,6.857348502876255,1.821299303973733,3.4917238364674974,7.41216818776485,1.6290135426188217,4.939738980118343,2.654491834456533,3.2482761043111186,2.4825563829979025,6.146483827619534,2.9005376921606767,5.685785614470343,6.326362107576487,3.8487185229760086,3.9855759748825634,7.892263159779987,5.143630311831199,1.5373651799335029,4.42054450692549,3.0519331741468765,4.2251982218014925,4.9695329286879755,3.069417349373413,2.9066417087182996,6.463859664193984,6.285652358273466,6.690361232117711,5.559587234050148,8.584282425958808,3.1103921989240644,3.6843946035275543,3.7687591522061727,4.379714209921732,6.507560179067541,5.889264771675325,5.510543302134607,1.751324456049265,3.4975743232629615,7.990098122357625,7.371067969262735,5.509418609154234,5.6672986898342845,6.99376237948773,8.228235822208799,6.850731300051359,3.650813532538323,1.5812699707894506,2.872997640979709,8.377762101421768,2.2149806312556297,6.937208444546041,6.683722094101871,6.093516676777815,0.8199307401822673,5.309373950832852,
-----
6.567364307090317,6.540274951610158,5.1924686976790335,3.998751301941346,6.634458618251529,4.398900996532024,3.218850750384613,5.538848150332461,8.4850975897517,3.9656739809297057,4.798144531748268,6.106688319688125,6.561929888839537,2.862717272003452,4.201163245122759,6.97393546566305,3.9448572582568535,1.9629123730644091,4.415969009686034,8.166714100919265,5.552965733800957,3.6879335129980357,5.632102059274096,5.662999716611539,3.2666317314185536,5.665462783934171,7.065083665567105,3.3599109689069433,5.880848363030377,4.106741804287488,2.4374999813460363,6.77030465933961,2.2423989295353435,0.7839310549311902,6.341892342635848,2.45280750092318,8.637778678007285,5.836038978678916,2.996729206846337,4.383735499359558,3.029083990527774,2.199980755920036,5.941983541412059,6.975814749137771,7.901428881865597,3.7222046063411307,7.079800825656796,5.091454225182554,3.4549673588192196,3.818465953767981,4.588750401530019,4.2187263180187395,3.8954073255342494,3.4674661653356784,4.111591544996123,8.904397010439013,2.8069246533185233,2.0821735885568664,3.4311950567533227,3.8009682227520174,6.531024661317327,5.103796885829326,7.438303990204925,3.88286451165047,2.0084869820027125,4.843148128139555,2.9481965246488118,6.764948799119171,5.022513572829016,4.218358272867624,7.930734642571691,1.2876096022632024,6.875212775107997,3.5505509511199826,5.075792727551298,4.836536083201272,7.580693652243055,5.591475309124821,4.818259618144313,2.9389862077170044,3.5783050793894993,6.80612383516738,6.922414850822693,6.4116621537188365,8.807554190640282,6.909236376902541,2.1647030614836815,7.852441346951585,7.199284380071185,6.158423031984129,6.047208196653661,5.531440674557807,5.047050481792821,4.503640179173837,3.6501376507515637,9.181150990273828,3.2506471379744197,2.5581253316879704,1.311540115526252,4.768457590815178,4.393340533934691,6.578807455806242,6.2478893823762975,6.202115884647779,7.63442836336415,7.489610349514599,3.430020439442032,3.9454106277857512,4.952487862979309,6.667846954735442,3.567145496576661,8.54365146243697,7.487551424163046,5.309973972900474,8.41157171380515,8.68583275824935,6.7752512831389335,6.0062468702383836,2.0457075631689916,7.015416627643395,2.217848577914974,6.68704227570827,4.729327310208566,5.937666618981238,7.546527360196732,6.473387485616243,6.594574290698078,5.9762809546174855,1.9891595556526274,2.547702107163527,5.004669182765417,5.053806687575495,4.939473772019221,9.158379739172284,6.755180097229566,2.998910410958741,4.466076916759859,7.351058311352178,2.758120396317549,5.629839807217328,4.060570011390762,1.3831346938036098,5.38094279514742,3.4587230414645713,2.7208703080726604,6.857349446363965,1.8205540027920004,3.490841889052918,7.4136035675115375,1.6284550834395493,4.937532102397595,2.6541367455215052,3.23643335073161,2.45911691294638,6.145958070535744,2.898966929350369,5.685652855654174,6.326780480443725,3.848719938729464,3.985571237051319,7.892328510539285,5.143592677733974,1.7463494208228132,4.605580702746703,3.0520089944023483,4.2253307955825985,4.969549897692917,3.0695091034441795,2.89286810633054,6.464629447370952,6.285691639062137,6.690324373471359,5.5595847282943724,8.58428375503437,3.1112226281090956,3.68417980577607,3.7682544404287865,4.380184439873829,6.5080988516936165,5.88883626186035,5.508773415561162,1.7507106119933116,3.5043996576046057,8.005349324036864,7.371071269882917,5.509423283712125,5.667238040459659,6.993762589776152,8.228240263136776,6.850723861929671,3.6508048538274935,1.5812755426010547,2.8792571169940073,8.372109821146173,2.2150756894370995,6.938841147450621,6.675645361812296,6.090706023692904,0.8199262159999703,5.309377760727873,
-----
6.565049154450655,6.538049944141475,5.18922710386604,4.003898701186652,6.6344529755848125,4.398899650756011,3.2184534700784457,5.5385097839616355,8.484757371740752,3.965820771774575,4.912694065255769,6.019997583971143,6.561641914080837,2.863297527715476,4.201156065699048,6.973944348953267,3.946853787396179,1.9647518472741443,4.415445704197761,8.165777545422168,5.553165935748205,3.687980872184748,5.632099354163753,5.662997025682671,3.2663989486933342,5.6657966168525995,7.065088239969445,3.3599281669149685,5.88069916219176,4.1068722267343745,2.4375616973422667,6.747922675200575,2.244333342895414,0.7849482670880453,6.342175637187834,2.453220268971384,8.637759157396179,5.835947182388771,2.9923971243872454,4.385743275745903,3.027804696428919,2.2017539578119503,5.943500485809529,6.973242560585859,7.901835907109643,3.722805618933794,7.0798007576139295,5.091454388558463,3.4550459609361583,3.817989914318132,4.587536984220665,4.2155434345298595,3.895397629623909,3.4674703287685618,4.11185496925553,8.904293910198936,2.8495899064872967,2.084767918601197,3.4314839316577013,3.8008394223846484,6.5235098188292735,5.096465423537885,7.436634734280643,3.8834644232397544,2.008236588644265,4.843283144781586,2.9389474996021527,6.7548722600306625,5.020131084015552,4.201994209355662,7.926755611415358,1.2887241118459536,6.873386838128077,3.551443901451127,5.0450106078556205,4.887134200833204,7.574819362417973,5.587738016274016,4.815696601347823,2.9422790005979906,3.5787328262994245,6.801801446995106,6.922426061244628,6.411672929066336,8.801192931549384,6.892871247877853,2.1775288552672554,7.840540774529168,7.196429351128415,6.155260160494037,6.047384203272726,5.5311304401105135,5.047689430854028,4.505180451475487,3.6503035503083012,9.181135216801353,3.2506501468359765,2.5581263598265895,1.312634561631581,4.768072859606861,4.393314060062916,6.578611528939733,6.247880476911893,6.202150050809325,7.634509404915924,7.489336769132958,3.43648118583817,3.9510479974731982,4.925421775983983,6.665055360731014,3.6022818942281085,8.479570971062607,7.487513027971902,5.309937482948902,8.411351697405166,8.685720230290737,6.775188225963143,6.006189252363491,2.0460210050965344,7.01526863965298,2.2181877045860725,6.686426132897921,4.7337213670378375,5.928241792234736,7.546170787040813,6.4730764830742675,6.594563377728068,5.976286310812853,1.9884888881355336,2.5481422365966817,5.004723752902275,5.053929967945566,4.9191013137614075,9.137964157954787,6.754852133491915,2.9994200120694923,4.4658659727207635,7.350833549398541,2.758292080629645,5.629547775917029,4.051859997882521,1.3800528862172672,5.381379376794283,3.4585107963670403,2.7208667208683313,6.857348952993455,1.8209810304047656,3.4913472094633278,7.411317650079985,1.6293444589345396,4.939502523922286,2.6544537884071073,3.250885372178027,2.487720710332097,6.14653487705553,2.9006902085185584,5.685774376015471,6.326397524166693,3.8487178487486435,3.985578231190302,7.892306181971774,5.143605536275936,1.617312404416761,4.491330372031376,3.0510829520245535,4.223711585270982,4.96954658882042,3.069491211851692,2.9006572326076645,6.46419412637049,6.285458134197043,6.690543479898063,5.559586853317242,8.58428262790299,3.110613166657249,3.6843374482961453,3.768593015829401,4.379868995888677,6.507401572886206,5.889390941638542,5.511050378635238,1.7515003237576796,3.4991100604159655,7.993529725246857,7.371040898831335,5.509380270208295,5.6673358940494705,6.993762250490264,8.228235501429017,6.850731837326238,3.65081832061875,1.581266896798093,2.8783744469344676,8.372906868463872,2.214967708274246,6.936986481650113,6.682390250803037,6.093053203513842,0.8199308012545472,5.30937389940279,
-----
6.565049836196915,6.53805059934256,5.188012597062792,4.005827243676276,6.6344531098560715,4.398899682779706,3.218456128418664,5.538512048088294,8.484771134739637,3.965814833575628,4.912740063452935,6.019962772676572,6.561646708101654,2.863287867987048,4.201155056380532,6.9739455978096725,3.9467782844646235,1.9646822837037363,4.415443042212022,8.165772781288346,5.553104744275987,3.6879663969091685,5.632099189983141,5.662996862362773,3.2663775926253615,5.665827243517404,7.065087457231515,3.359925224118906,5.880696024969234,4.106874969106617,2.4375639924441153,6.747090331297913,2.2444953637143787,0.7850334658103643,6.3421769927632,2.4532222440824265,8.637765217154127,5.835975678591886,2.9924927793554503,4.385698942844068,3.0278079783379255,2.2017494088288316,5.943501231288021,6.973241296524206,7.901845414352286,3.7228196573076633,7.07980075762085,5.091454388541846,3.4550455838914824,3.8179921978207556,4.587779788826269,4.21618032899662,3.895396937257159,3.4674706260714854,4.1119079056221155,8.904273191711898,2.847150613461773,2.084619593425251,3.4314900452275836,3.8008366965333034,6.523801860291639,5.096750338487503,7.436633746927466,3.883464778083254,2.008236383197769,4.843283255562064,2.93890033491412,6.754820875498761,5.02010464846966,4.201812637484477,7.926658581413051,1.288751289533973,6.873360536157602,3.551456764081932,5.0531296429612915,4.873788534667394,7.574805528385553,5.58772921489853,4.815696337561008,2.9422793394936813,3.5787460085714566,6.801668239962177,6.922426025517075,6.411672894725363,8.800950074197475,6.8922464671792865,2.1805124081926874,7.837772447806911,7.196441915511231,6.155274079627256,6.047383786269851,5.531131175132057,5.047653873250226,4.5050947351084485,3.6502893716784732,9.18113656488348,3.2506502762942167,2.5581264040629277,1.312729128180099,4.768039616578903,4.393314003383019,6.578611109465218,6.247882600842265,6.202141902267607,7.634508956191224,7.489338283939522,3.4378010865524615,3.952199686120448,4.924344340663518,6.664944234139966,3.600882832177054,8.482122529836053,7.487510677693376,5.309935249353668,8.41139784478733,8.685743832489077,6.7751858644324106,6.006187094537983,2.0460277088318635,7.015265474561675,2.2181818444911165,6.686436779820393,4.733766043791622,5.928145964920621,7.546170782153105,6.473076478811217,6.594563103374153,5.976286445468513,1.9883000448168393,2.5482661661156962,5.0047231267428804,5.053928553377703,4.9189183601076785,9.137780817037877,6.754855224915065,2.9994152085119934,4.4658799440165,7.350848435885677,2.758292031774153,5.629547859019164,4.053285034656289,1.3805570977361195,5.381399747648517,3.4585008930328645,2.720866727610857,6.857348953920797,1.8209682301861565,3.4913320624060242,7.4111940482854095,1.629392548338695,4.939501153003097,2.654453567824775,3.253248181755226,2.4923972413390443,6.146535258196188,2.900691347222324,5.685759244743459,6.326445208485058,3.848717825678879,3.9855783083934684,7.892307877064859,5.1436045601082725,1.6512432277076339,4.521372974459711,3.0503540492837296,4.222437078982276,4.969547565890718,3.069496495024015,2.900539362976804,6.464200713903392,6.2854581183218965,6.690543494794311,5.5595864647268165,8.584282834014871,3.1106244936176366,3.6843345184790506,3.7685385813598895,4.37991971140422,6.507372594225806,5.889413993933768,5.511052731204244,1.751501139691606,3.499329522195129,7.994020112338151,7.3710319281583505,5.5093675653443945,5.6673464355472305,6.99376221393993,8.228235493295271,6.850731850949471,3.6508240392132696,1.5812632254081909,2.8783754737547307,8.372905941249531,2.2149634633866073,6.936913572193286,6.682087577873576,6.092947875198824,0.8199308209085081,5.309373882851838,
-----
6.562069250034611,6.535186068357187,5.183631590342503,4.012783942135932,6.634450636981008,4.398899092999003,3.2183257758836037,5.538401025937105,8.48468614147788,3.9658515048637426,4.999239892078751,5.954499967605665,6.561445423619572,2.8636934468336004,4.201123818954884,6.973984248699887,3.9495895800198206,1.9672724315597678,4.4152368541508284,8.16540376822337,5.55337115350826,3.688029417897457,5.632098585723677,5.6629962612711235,3.266277180028609,5.665971244882578,7.065101943887544,3.3599796884200734,5.880433920319282,4.107104085310685,2.4375765842291797,6.742523782091762,2.2462397250199206,0.7859507390067614,6.367493071496333,2.490108475510435,8.637713702839376,5.8357334309000715,2.989031961079447,4.387302917209194,3.0257343644465093,2.2046236002119164,5.944183003737827,6.9720852572565,7.90216123138123,3.723285992047706,7.079800724328278,5.091454468479753,3.4551289618448235,3.817487234384861,4.585309295200809,4.209700041210011,3.895389980992955,3.467473613097779,4.112022725333592,8.904228253026883,2.977050507922635,2.0925183675781223,3.431699311652597,3.8007433911197444,6.498852394925472,5.072409699969208,7.436153382538107,3.883637415580036,2.008181273910942,4.843312971489429,2.9181592534617318,6.732224081032471,5.014835628631303,4.165622509416149,7.925456472643216,1.2890879950511838,6.872969337693925,3.5516480745168075,5.000893465974313,4.959651764813979,7.574167740627297,5.587323446763108,4.814834524048521,2.9433865399624946,3.5794209461579296,6.794847986739754,6.922457962644447,6.411703592378636,8.800547193437382,6.891210006389639,2.1880313909152758,7.83079586608862,7.1943161227292345,6.15291907394472,6.0484141598337455,5.529315008360635,5.047965977473005,4.505847104144984,3.650549037325883,9.181111876276574,3.25065354138913,2.5581275197573907,1.3163988491742984,4.766749597650234,4.393292195064483,6.578449711255286,6.247764593183613,6.202594643252955,7.634724833848896,7.4886095233138725,3.438694090225587,3.952978882753311,4.917454578382614,6.664233624620437,3.619066257601527,8.448960256126949,7.487501394257749,5.309926426808868,8.41107119951641,8.685576768917771,6.775164954584369,6.00616798836976,2.0462683396000663,7.015151863520234,2.218777029163998,6.685355417638416,4.739467862585496,5.915916115294139,7.538616280483914,6.466487454417533,6.594559851668471,5.976288041438343,1.988185668692971,2.54834122610784,5.004797126573718,5.054095727716199,4.91671554703126,9.135573341204601,6.754322545936961,3.00024290306402,4.465524819963709,7.350470049389285,2.7589894972869407,5.628361485272337,4.035140092538558,1.3741369905549696,5.38145070635421,3.458476119349551,2.7207808077501845,6.85733713682829,1.8222531267391995,3.492852536572352,7.410697872287787,1.6295855941448985,4.940924677456936,2.6546826143992854,3.257640578948531,2.501090782226783,6.146754295350608,2.901345747185435,5.685802108132327,6.326310129855875,3.8487116845119838,3.9855988598618617,7.892205594818615,5.143663462254795,1.3235857698501858,4.231262632759332,3.046015496824526,4.2148510018783725,4.969510495583779,3.0692960500611024,2.9111018351531914,6.463610395324441,6.285395445546498,6.690602303024555,5.5595898338496355,8.584281047001607,3.110155936112491,3.6844557149643875,3.769126800561856,4.379371679241,6.507083581736785,5.889643901083681,5.511704495786612,1.7517271891010822,3.4936999418875825,7.9814408216628205,7.37102098510892,5.509352067069753,5.66757312320026,6.993761427950149,8.228232754874215,6.850736437537938,3.6508347348811325,1.5812563586917538,2.870578146175069,8.379946894961982,2.214862887827726,6.935186103767361,6.688773772458777,6.095274629728188,0.819931068567073,5.30937367429412,
-----
6.563849031800734,6.536896550704832,5.189457208323195,4.003533313177718,6.634451483070698,4.398899294791395,3.218098136140071,5.538207143600934,8.48471470676232,3.9658391800540556,4.955346485103226,5.9877183634150555,6.561354832997704,2.863875982712898,4.201115219276845,6.973994889308225,3.9497610952941704,1.9674304547598944,4.4158897308084475,8.166572216168827,5.553366355197381,3.688028282823079,5.632098799522322,5.662996473948934,3.2664274560328277,5.6657557345735095,7.065096441160328,3.3599590002645985,5.880373206689727,4.107157157533331,2.437756616129461,6.677233235350279,2.244040095940644,0.7847940630417384,6.3550049059269345,2.471912870647615,8.637709954359513,5.8357158035551535,2.9863807394559645,4.388531670406036,3.0258540221259174,2.204457745289503,5.948070124603741,6.965494107437248,7.903015955545776,3.724548075895477,7.079800715689686,5.091454489221645,3.4550931470561737,3.817704140149607,4.585168593171271,4.209330969363734,3.8953951345907503,3.4674714001381117,4.115948950107933,8.902691588492855,3.0780667437216715,2.0986608239339293,3.4318228842125102,3.800688293944904,6.504807736424597,5.078219716839541,7.435462686837063,3.883885643757452,2.008136077356054,4.843337342291875,2.9280538403558687,6.743003940650153,5.0218250552646015,4.213629207576947,7.923083445802323,1.289752669704483,6.873433834483249,3.5514209185051797,4.961599013385184,5.0242420319574865,7.573951330419858,5.587185764022694,4.804207492148107,2.9570394411200707,3.5791532126267467,6.797553437607207,6.922493806591478,6.411738045228607,8.801022107428254,6.892431781611369,2.216734121881616,7.804163679859057,7.160326405493169,6.11526442673894,6.052575063200078,5.521980877616377,5.048128669714421,4.506239295586152,3.6504639882814502,9.181119962607774,3.250651243848021,2.5581267346794796,1.3218633706596872,4.764828651571932,4.393272754879098,6.578305839038969,6.24659548819716,6.207079960134807,7.634694778308063,7.488710984924019,3.4352186526709056,3.949946365282406,4.926361515282682,6.66515228536561,3.631936243350637,8.4254884415441,7.487381529231299,5.309812512671029,8.410971514893497,8.685525784958747,6.775118923784744,6.00612592817882,2.0468214519618777,7.014890717898969,2.218707606958094,6.685481547479244,4.742998609491143,5.908343004803214,7.536913302353784,6.465002119589018,6.594564803642702,5.976285610959619,1.9865519134018084,2.5494133874573697,5.004777179923911,5.05405066588364,4.908508763024917,9.127349185666,6.754582351229754,2.999839208842412,4.465600372991323,7.3505505515270215,2.758743891449271,5.628779255488264,4.045974076234276,1.3779703087366448,5.382547911568059,3.457942710697816,2.720742782476913,6.857331906976095,1.8237510510929353,3.4946250958321405,7.409481501567835,1.6300588440953199,4.965921993016027,2.6587047086354003,3.7474345681450676,3.470503129119846,6.1469682628442825,2.901985000924554,5.686367096206881,6.324529640337132,3.8487007810082017,3.9856353485320417,7.892170080862081,5.143683913978807,1.5272377292063266,4.41157758698957,3.0393704265980075,4.2032319156570495,4.969479593379967,3.0691289569990654,2.9222540930485614,6.462987114626234,6.285337448420255,6.690656723916749,5.5596206807549065,8.584264685523603,3.1101596834827334,3.6844547456743912,3.769312481425569,4.379198684063235,6.501052702042189,5.894441418197009,5.510892120128336,1.7514454354697953,3.4951532223397135,7.984688175149478,7.371052942127142,5.509397326725054,5.6678112549723,6.993760602280393,8.228161066128335,6.850856509202711,3.6508409364513636,1.5812523772270346,2.8722311237751432,8.378454263204379,2.2149759602144266,6.937128215549208,6.686222158597415,6.094386683822119,0.8199531409581937,5.309355086737847,
-----
6.565049598899244,6.538050371284555,5.186113910766721,4.008842210069746,6.634452971897014,4.398899649876471,3.218557584919241,5.538598459288054,8.484759451776924,3.9658198743198323,4.916058265767233,6.0174515673396645,6.561639005256545,2.8633033888607997,4.201149413011862,6.973952580498495,3.9468380601786635,1.9647373572221634,4.415442614066819,8.165772015040423,5.553213642178962,3.6879921574783854,5.632100017064807,5.662997685108483,3.2663620489153016,5.665849534699396,7.065088033884212,3.359927392113099,5.880676169181037,4.106892325848748,2.4375637794084146,6.747167591035317,2.244269205621838,0.7849145404731781,6.342181776000491,2.453229213392306,8.637765106331655,5.835975157445702,2.993756330627531,4.385113328781784,3.0278119685810765,2.20174387803907,5.943515566127874,6.973216989825143,7.901892865344038,3.722889723339181,7.079800757655631,5.0914543884583345,3.4550272719009674,3.818103101066493,4.5874332310965755,4.21527128239964,3.895395932607698,3.467471057468895,4.111852125826502,8.90429502307372,2.8451461119352013,2.084497706452878,3.431491561824946,3.80083602032954,6.525574709784641,5.098479926197028,7.436628528735018,3.883466653442256,2.0082357557607433,4.843283593887493,2.938413202728438,6.754290159397819,5.020601729146646,4.205226823407531,7.9266539506129305,1.2887525866012508,6.873299036113453,3.551486839865156,5.0520949538067095,4.875489305246991,7.574641302546059,5.587624732471865,4.815684912181446,2.9422940180586186,3.5786993831861906,6.802139390095876,6.922426185000113,6.411673048018892,8.803611270905375,6.899092726207967,2.18415066409131,7.8343966467809905,7.19644336986352,6.155275690794596,6.04733074536865,5.531224666585704,5.0477216255030966,4.505258060989662,3.650233136777003,9.18114191161067,3.2506501557309235,2.558126362866025,1.312653606292037,4.768066164827472,4.393314036704139,6.578611356066943,6.247880906219901,6.20214840375241,7.634504778286246,7.4893523877271875,3.437445874563575,3.9518897434023796,4.926104173728217,6.665125743178678,3.6001973329591026,8.483372718519561,7.487513663712443,5.3099380871271,8.411488837846985,8.685790371125522,6.775188085544351,6.006189124057201,2.0460113010413243,7.015273221310707,2.2181905223837703,6.6864210133778705,4.733553325321599,5.928602225456991,7.546170755319529,6.473076455407013,6.594562321950557,5.976286828999067,1.9882924225706304,2.5482711682588115,5.004723700191519,5.0539298488657565,4.918912038728784,9.13777448227834,6.754931723910491,2.9992963417942295,4.465885023280465,7.3508538478674375,2.7582915403445685,5.629548694930255,4.054773798973564,1.3810838575583528,5.381331691747187,3.4585339785542537,2.7208669035622517,6.857348978120486,1.8209773738711807,3.49134288252756,7.410793212803974,1.629548500277199,4.939357095145549,2.6544303887647223,3.2536196381126965,2.493132436925775,6.146535749967238,2.900692816447749,5.68576199615525,6.326436537753631,3.8487171466352357,3.9855805808189233,7.892304225430567,5.14360666300595,1.6057119350780176,4.4810592304991355,3.0504749040071104,4.222648396756709,4.969547847305597,3.0694980166784003,2.900407137006411,6.464208103787659,6.2854574020404534,6.690544166908219,5.559586259904464,8.584282942654502,3.110981325885669,3.6842422207007313,3.768540337802032,4.379918074961915,6.507304285494658,5.889468332989308,5.511070061739225,1.7515071503851973,3.5009182647998323,7.997570155847799,7.371030275148055,5.50936522424124,5.667311778929964,6.993762334104159,8.228235477696634,6.850731877075669,3.650823509862394,1.5812635652562868,2.8783764992770804,8.372905015207202,2.2149299717207875,6.936338325126514,6.68201617511229,6.092923027477731,0.8199307661728679,5.309373928945701,
