measure : ls/alg3

Generations Run: 1000.0
Generation fitness average: 2.0
Overall fitness Average: 1.995
Best fitness: 2.637798854926444

Final fitness: 2.637798854926444

instances

-----
4.585020117049809,8.314704026939634,2.922250374125392,6.456622167539214,5.332986412166306,3.9986047310024677,6.986177220406132,7.149845705155284,1.9924013566385832,5.749416265729767,5.767249724670723,4.539597692768442,2.808297012424327,3.3398464811910937,4.676988776240355,6.059022619250372,7.603246836479533,5.678887363352965,4.840136978573008,7.768404303204724,7.740371823352582,4.652414140641943,6.175529424751498,4.066035347416049,2.152533188822108,5.1259701803765285,6.129897395452103,3.804755695626515,3.823101827442735,4.551107793671628,4.615884306248169,4.635367357409152,4.59840509551111,5.908021393309462,3.7939857979565144,7.076845737573624,6.870782480126591,5.201016869072569,6.986971615638735,5.004656562660866,3.2573861608363157,3.832564313237685,3.8093728497337027,3.989090596972404,6.31475684757207,3.691874675162647,2.4119928065502574,6.621605754740269,4.076411801730208,5.298529158904415,4.016561475272812,4.303467255263808,2.3774577944689708,5.58648672745851,6.2624762888906265,6.074811810347512,4.375967216759377,5.202559923696427,4.61991502953337,6.5599451030745,5.2144826051076105,6.9927026359045446,2.8314129986954057,7.130654877162021,4.668064745696622,6.879037367412462,6.40901490775887,3.4142851542494697,2.332025544690471,8.516840981194857,4.4656994426756595,3.92029764568898,2.734173768861355,3.531517671684263,4.132953446554758,5.704634068773984,7.790080218184437,4.336424748008778,5.4092590783671985,7.836528710801849,4.9343180695387465,6.023208933215882,2.2465782315312097,6.818057648129365,5.595005315482955,6.916800145235445,6.1914981118380705,4.916523582334394,6.598966926723154,6.809262237139341,8.26851294403335,6.875593287387263,4.443189535625359,4.969450002583294,5.837891106076121,5.355108104618087,6.759472228859533,4.85346104995964,4.392282922143232,6.296125242318861,3.3052696704077924,4.439175956733173,7.441747554900985,8.127678163069026,1.590647506563149,5.364598868031097,8.052811022033033,5.068930624194349,5.249099135973339,6.18443898375641,5.783088830158023,4.87779269591258,3.636170265558052,4.540537180811209,6.803474887625898,3.7282575047491626,6.594843635184045,4.341434024739509,4.8908451181216925,5.2436131254583,7.149333606818692,4.207315770332535,4.128169546400688,2.6834382772839547,8.138910781777257,4.872469820396847,6.117935007658394,6.8557860215893776,9.172037883360186,6.246122753599002,4.111381474549554,1.4131894473736688,2.768520050534101,8.01037182429631,6.038346480877437,3.5506820322746497,5.3228857179463,5.766682910197055,7.191419406036475,7.528042038372622,3.788715421662105,4.448429726150588,8.194640070352474,5.462928256499687,5.282214964711038,6.154138926279948,6.5707045705853435,5.027176902139804,4.945539189777542,6.96727009466267,4.500313923038694,8.88692911010798,5.639657405801243,3.082912882053849,6.469131520330079,2.598788701983874,5.493773012070907,2.267892088992827,1.5571853253688208,4.558370338481678,4.197782011358228,7.51730186731281,9.125585502983938,8.471565716189179,2.359470970091253,5.98390239853407,6.510632703411442,4.33778059524777,2.459739295160554,5.361070510703014,4.222760267230792,6.489349638679066,2.9176367223150788,4.259065659592926,6.56438894249183,1.695278101543521,3.527287810978952,3.626605842174672,5.459676702377608,4.566773657697922,7.81606742997586,7.224184464431686,6.862459284345187,3.709104084753921,5.463331135297096,5.351462121063907,6.401496186742696,2.6315311703398105,2.388754724780005,4.634117326232432,6.741986738669707,5.286771496938062,6.92877453307459,4.320518531788835,5.085173662772313,4.91045067904213,4.9204283138929465,3.080505996665888,4.482648463494008,5.606368317037698,
-----
4.585020117049809,8.314704026939634,2.922250374125392,6.456622167539214,5.332986412166306,3.9986047310024677,6.986177220406132,7.149845705155284,1.9924013566385832,5.749416265729767,5.767249724670723,4.539597692768442,2.808297012424327,3.3398464811910937,4.676988776240355,6.059022619250372,7.603246836479533,5.678887363352965,4.840136978573008,7.768404303204724,7.740371823352582,4.652414140641943,6.175529424751498,4.066035347416049,2.152533188822108,5.1259701803765285,6.129897395452103,3.804755695626515,3.823101827442735,4.551107793671628,4.615884306248169,4.635367357409152,4.59840509551111,5.908021393309462,3.7939857979565144,7.076845737573624,6.870782480126591,5.201016869072569,6.986971615638735,5.004656562660865,3.2573861608363157,3.832564313237685,3.8093728497337027,3.989090596972404,6.31475684757207,3.691874675162647,2.4119928065502574,6.621605754740269,4.076411801730208,5.298529158904415,4.016561475272812,4.303467255263808,2.3774577944689708,5.58648672745851,6.2624762888906265,6.074811810347512,4.375967216759377,5.202559923696427,4.61991502953337,6.5599451030745,5.2144826051076105,6.9927026359045446,2.8314129986954057,7.130654877162022,4.668064745696622,6.879037367412462,6.40901490775887,3.4142851542494697,2.332025544690471,8.516840981194857,4.4656994426756595,3.92029764568898,2.734173768861355,3.531517671684263,4.132953446554758,5.704634068773984,7.790080218184437,4.336424748008778,5.4092590783671985,7.836528710801849,4.9343180695387465,6.023208933215882,2.2465782315312097,6.818057648129365,5.595005315482955,6.916800145235445,6.1914981118380705,4.916523582334394,6.598966926723154,6.809262237139341,8.26851294403335,6.875593287387264,4.443189535625359,4.969450002583294,5.837891106076121,5.355108104618087,6.759472228859533,4.85346104995964,4.392282922143232,6.296125242318861,3.3052696704077924,4.439175956733173,7.441747554900985,8.127678163069026,1.590647506563149,5.364598868031097,8.052811022033033,5.068930624194349,5.249099135973339,6.18443898375641,5.783088830158023,4.87779269591258,3.636170265558052,4.540537180811209,6.803474887625898,3.7282575047491626,6.594843635184045,4.341434024739509,4.8908451181216925,5.2436131254583,7.149333606818692,4.207315770332535,4.128169546400688,2.6834382772839547,8.138910781777257,4.872469820396847,6.117935007658394,6.8557860215893776,9.172037883360186,6.246122753599002,4.111381474549554,1.4131894473736688,2.768520050534101,8.01037182429631,6.038346480877437,3.5506820322746497,5.3228857179463,5.766682910197055,7.191419406036475,7.528042038372622,3.788715421662105,4.448429726150588,8.194640070352474,5.462928256499687,5.282214964711038,6.154138926279948,6.5707045705853435,5.027176902139804,4.945539189777542,6.96727009466267,4.500313923038694,8.88692911010798,5.639657405801243,3.082912882053849,6.469131520330079,2.598788701983874,5.493773012070907,2.267892088992827,1.5571853253688208,4.558370338481678,4.197782011358228,7.517301867312809,9.125585502983938,8.471565716189179,2.359470970091253,5.98390239853407,6.510632703411442,4.33778059524777,2.459739295160554,5.361070510703014,4.222760267230792,6.489349638679066,2.9176367223150788,4.259065659592926,6.56438894249183,1.695278101543521,3.527287810978952,3.626605842174672,5.459676702377608,4.566773657697922,7.81606742997586,7.224184464431686,6.862459284345187,3.709104084753921,5.463331135297096,5.351462121063907,6.401496186742696,2.6315311703398105,2.388754724780005,4.634117326232432,6.741986738669707,5.286771496938062,6.92877453307459,4.320518531788835,5.085173662772313,4.91045067904213,4.9204283138929465,3.080505996665888,4.482648463494008,5.606368317037698,
-----
4.585223226522074,8.31473358928715,2.931121096964445,6.427413948841469,5.352220663805701,3.9968175648000086,6.985881283618006,7.150093918822373,1.993604474192093,5.749666784732228,5.7679109255295025,4.540205218252084,2.8011804491246903,3.3096059406320717,4.680553859652224,6.062082871643751,7.602096070545264,5.689173592448645,4.8395894335137095,7.768005542172569,7.740348223565309,4.652333296275084,6.175637993636977,4.066511448866941,2.197377867245881,5.061478010081586,6.136758881745079,3.8005179239223796,3.8588738805439076,4.580672205746104,4.614253074791746,4.63632957360025,4.4315037085186795,6.151837559310204,3.7857609607681777,7.079073577379888,6.86688194902342,5.200527885729367,6.9720669624053695,5.02194384747955,3.2563434263144604,3.830579105346919,3.8099730049727207,3.9886138065854277,6.330900352866815,3.691756867107437,2.3537386375312526,6.536366303442516,4.141391668344547,5.331992427018392,4.016955638148519,4.304289166282951,2.3658128136972003,5.597940601999939,6.254562134099929,6.061133873807417,4.346973074944982,5.26020279649128,4.619945000279732,6.560147296246863,5.213569512886185,6.9932849363098635,2.8508330088541016,7.113165674731604,4.676354194829278,6.884716729486749,6.565456762666755,3.475374233329797,2.290232097064479,8.47768943910596,4.462161367871394,3.920273138724986,2.706401741207445,3.420663203250179,4.132731859780539,5.70503280165169,7.794543801931086,4.33778482798473,5.4006246858003335,7.839221482098644,4.924745808540463,6.00647292647187,2.249786657569129,6.825549004825239,5.587631534071831,6.932529248800805,6.198028983181208,4.914023709729774,6.60677054540668,6.753433802748358,8.268534613950575,6.879366687656743,4.442999938385434,4.973296198298177,5.843428641195294,5.358707792609851,6.828850887219254,4.9197202082469635,4.3913511688491,6.2945388311198665,3.2726190128559858,4.436106155550776,7.441746990588789,8.127677924649253,1.591183941512056,5.366374597874731,8.035677415409797,5.105450961239832,5.184085158168327,6.1354711970002525,5.796671666422164,4.873158322039199,3.641873460274794,4.534086684131188,6.714955555919351,3.659695104777389,6.704620923496127,4.320895313431944,4.894016415688334,5.243043392523326,7.1374340443281685,4.218907264538638,4.128498522249892,2.68156535282506,8.13869370379193,4.871876538374482,6.156394810877355,6.859768917833615,9.171672085367968,6.243498502430997,4.113783183625558,1.4123525810304127,2.7685836964065444,8.010343492260171,6.041781327738642,3.553921498815786,5.321445474734208,5.759690178592132,7.191092919796529,7.523953226248788,3.8032862146408473,4.46505641049125,8.202403148512559,5.465392315518665,5.621442075714541,6.213337939077899,6.57088578061806,5.026751159101728,4.947128871822088,6.957296107736712,4.592579624203444,8.902300280061727,5.558826494329504,3.002320606697797,6.465751552166598,2.599925532444226,5.475729783272804,2.266019487902511,1.5572670594483584,4.560501337790482,4.213822361100174,7.525660169504351,9.126633652629904,8.471544151621792,2.359557870396771,5.983837458368089,6.514746846659794,4.336823080588904,2.4599667196185617,5.363205758826599,4.226527569553176,6.486652422254858,2.91710991388814,4.2615497189022395,6.565126636529637,1.6951084346160241,3.5267314406954484,3.627184863439451,5.459622338866685,4.5668088615729525,7.816780545320052,7.2199659172296204,6.8668413994565665,3.7095868426383714,5.424498334314512,5.367019298860139,6.40088266912963,2.6317034422254517,2.3505279880509935,4.60380644831031,6.76402763752254,5.2978749268169985,6.935314642992346,4.293511216903153,5.075609438592709,4.938493738473554,4.921711523705765,3.0792877955573728,4.485346170080178,5.602309763792146,
-----
4.585020117049809,8.314704026939634,2.9222503741253916,6.456622167539215,5.332986412166306,3.9986047310024677,6.986177220406132,7.149845705155284,1.9924013566385832,5.749416265729767,5.767249724670723,4.539597692768442,2.8082970124243265,3.3398464811910937,4.676988776240355,6.059022619250372,7.603246836479533,5.678887363352965,4.840136978573008,7.768404303204724,7.740371823352582,4.652414140641943,6.175529424751498,4.066035347416049,2.152533188822108,5.125970180376528,6.129897395452103,3.804755695626515,3.823101827442735,4.551107793671628,4.615884306248169,4.635367357409152,4.59840509551111,5.908021393309462,3.7939857979565144,7.076845737573624,6.870782480126591,5.201016869072569,6.986971615638734,5.004656562660865,3.2573861608363157,3.832564313237685,3.8093728497337027,3.989090596972404,6.31475684757207,3.691874675162647,2.411992806550257,6.621605754740269,4.076411801730208,5.298529158904415,4.016561475272812,4.303467255263808,2.3774577944689708,5.58648672745851,6.2624762888906265,6.074811810347512,4.375967216759377,5.202559923696427,4.61991502953337,6.5599451030745,5.214482605107611,6.9927026359045446,2.8314129986954053,7.130654877162021,4.668064745696622,6.879037367412462,6.40901490775887,3.4142851542494697,2.332025544690471,8.516840981194857,4.4656994426756595,3.92029764568898,2.734173768861355,3.531517671684263,4.132953446554758,5.704634068773985,7.790080218184437,4.336424748008778,5.4092590783671985,7.836528710801849,4.9343180695387465,6.023208933215881,2.2465782315312097,6.818057648129365,5.595005315482955,6.916800145235445,6.19149811183807,4.916523582334394,6.598966926723154,6.809262237139341,8.26851294403335,6.875593287387263,4.443189535625359,4.969450002583294,5.837891106076121,5.355108104618087,6.759472228859533,4.85346104995964,4.392282922143232,6.296125242318861,3.3052696704077924,4.439175956733173,7.441747554900985,8.127678163069026,1.590647506563149,5.364598868031097,8.052811022033033,5.068930624194349,5.2490991359733385,6.18443898375641,5.783088830158023,4.87779269591258,3.636170265558052,4.540537180811209,6.803474887625898,3.7282575047491626,6.594843635184043,4.341434024739509,4.8908451181216925,5.2436131254583,7.149333606818692,4.207315770332535,4.128169546400688,2.6834382772839547,8.138910781777257,4.872469820396847,6.117935007658394,6.855786021589377,9.172037883360186,6.246122753599002,4.111381474549554,1.4131894473736688,2.768520050534101,8.01037182429631,6.038346480877437,3.55068203227465,5.3228857179463,5.766682910197055,7.191419406036475,7.528042038372622,3.788715421662105,4.448429726150588,8.194640070352474,5.462928256499687,5.282214964711038,6.154138926279948,6.570704570585344,5.027176902139804,4.945539189777542,6.96727009466267,4.500313923038694,8.88692911010798,5.639657405801243,3.082912882053849,6.469131520330079,2.598788701983874,5.493773012070907,2.267892088992827,1.5571853253688208,4.558370338481678,4.197782011358228,7.517301867312809,9.125585502983938,8.471565716189179,2.359470970091253,5.98390239853407,6.510632703411442,4.33778059524777,2.459739295160554,5.361070510703014,4.222760267230792,6.489349638679066,2.9176367223150788,4.259065659592926,6.56438894249183,1.695278101543521,3.527287810978952,3.626605842174672,5.459676702377608,4.566773657697922,7.816067429975861,7.224184464431686,6.862459284345187,3.7091040847539207,5.463331135297096,5.351462121063907,6.401496186742696,2.6315311703398105,2.388754724780005,4.634117326232432,6.741986738669707,5.286771496938062,6.9287745330745905,4.320518531788835,5.085173662772313,4.91045067904213,4.9204283138929465,3.080505996665888,4.482648463494008,5.606368317037698,
-----
4.585232810775634,8.314734984264113,2.929153341532296,6.433893086116827,5.350777598029159,3.9969516484353957,6.9860185380563955,7.1499787981991725,1.9932541333607534,5.749593835056336,5.767635517659765,4.539952167613932,2.799741366741151,3.3034908219497954,4.679212183576073,6.060931182623094,7.6021636437398215,5.688569583119515,4.8400508612088755,7.768341586450322,7.740354986507278,4.652356463677199,6.175647239655064,4.066551994946114,2.16432081932719,5.109018116037393,6.130483814357919,3.8043935132450706,3.8280088835378034,4.555163312320693,4.615131353589593,4.635811502374821,4.561508489019953,5.961921419517872,3.784962105405623,7.079289961210399,6.868974492260415,5.200790213797201,6.969446844225302,5.024982813131972,3.2566682328032215,3.8311974874863273,3.8095511129070707,3.9889489766683757,6.322483668183956,3.6918182882942054,2.3911067950610656,6.591044643164607,4.139593042940414,5.331066172668066,4.016798907650904,4.30396235081918,2.370087721269957,5.5937358501008845,6.258547240756178,6.068021284704882,4.369518385582939,5.215380760317786,4.619934561917941,6.560076875395165,5.2135824877323325,6.993276661945026,2.8396523389148083,7.123234721981223,4.675557614576932,6.884170967325488,6.544262674772516,3.467098140514553,2.3218952018936325,8.507351011716036,4.463707479075229,3.920283848077869,2.723946284842354,3.4906937779998257,4.132721533193553,5.705051383761384,7.7925877593448405,4.337188810411258,5.400885080165127,7.839140274015282,4.9286899915644735,6.013368880698495,2.2487335078665556,6.823090004685328,5.582211618805804,6.944090536528456,6.19549270617925,4.9149945402762345,6.605940593772818,6.7593714199254435,8.268528417838477,6.878287753629479,4.443069556828372,4.971883908978916,5.852331159585084,5.364494896051099,6.827031467275458,4.917982595602135,4.392032706520816,6.295699223040942,3.2944110908474356,4.4381550376193495,7.441747351889724,8.127678077297535,1.5909821564757787,5.365706640442713,8.038107993034568,5.1002701772972685,5.218851602635183,6.161656886545795,5.7917026956705016,4.874853701986456,3.6373483007357654,4.539204785131208,6.748986942573946,3.6860540198123735,6.69552983794685,4.3225962042486135,4.893536430572674,5.2431296232610425,7.14062491708533,4.215799000423338,4.1282183468989775,2.683160446412557,8.138840971089984,4.8722790252516575,6.15843730273839,6.859980438238852,9.17189800244872,6.2451192416795696,4.112835051612285,1.4126829540047248,2.7685531438585973,8.010357092763384,6.038537415472885,3.5508621061639656,5.320621007282599,5.755687188293201,7.191224508755825,7.525601205447606,3.7921755679361064,4.452378087777459,8.203726608169466,5.465812391503554,5.394671512686539,6.173763880792343,6.570833144518314,5.026874824732612,4.947331158175011,6.956026922212298,4.631578879597852,8.908797430954957,5.56786234025571,3.0113297762061,6.468614868120328,2.5989624746175335,5.475838108919378,2.2660307303872207,1.5572074403446035,4.558946927811042,4.216535375532198,7.52707386651456,9.12573550792871,8.471562629996523,2.3595145607042243,5.983869823485861,6.513318198078265,4.337155580425834,2.459967627972576,5.363214287202223,4.2242684643896995,6.4882698383870165,2.916657054093333,4.263685088291907,6.564654205970058,1.6952170919148382,3.527029686003239,3.6268744759503067,5.459673208873255,4.566775919967017,7.816902123652932,7.2192467012708255,6.866513908950402,3.709550764484349,5.45352074691392,5.355392354074799,6.400053087048281,2.6319363836543612,2.3667238232489853,4.616648506658455,6.7843643799501825,5.308119862607459,6.937939118618487,4.28267347250186,5.072024701314397,4.949004470829255,4.9215913081193925,3.0794019209008026,4.485407984695737,5.602216767055627,
-----
4.585020117049809,8.314704026939634,2.922250374125392,6.456622167539214,5.332986412166306,3.9986047310024677,6.986177220406132,7.149845705155284,1.9924013566385832,5.749416265729767,5.767249724670723,4.539597692768442,2.808297012424327,3.3398464811910937,4.676988776240355,6.059022619250372,7.603246836479533,5.678887363352965,4.840136978573008,7.768404303204724,7.740371823352582,4.652414140641943,6.175529424751498,4.066035347416049,2.152533188822108,5.1259701803765285,6.129897395452103,3.8047556956265156,3.823101827442735,4.551107793671628,4.615884306248169,4.635367357409152,4.59840509551111,5.908021393309462,3.7939857979565144,7.076845737573624,6.870782480126591,5.201016869072569,6.986971615638735,5.004656562660865,3.2573861608363157,3.832564313237685,3.8093728497337027,3.989090596972404,6.31475684757207,3.691874675162647,2.4119928065502574,6.621605754740269,4.076411801730208,5.298529158904415,4.016561475272812,4.303467255263808,2.3774577944689708,5.58648672745851,6.2624762888906265,6.074811810347512,4.375967216759377,5.202559923696427,4.61991502953337,6.5599451030745,5.2144826051076105,6.9927026359045446,2.8314129986954057,7.130654877162022,4.668064745696622,6.879037367412462,6.40901490775887,3.4142851542494697,2.332025544690471,8.516840981194857,4.4656994426756595,3.92029764568898,2.734173768861355,3.531517671684263,4.132953446554758,5.704634068773984,7.790080218184437,4.336424748008778,5.4092590783671985,7.836528710801849,4.9343180695387465,6.023208933215882,2.2465782315312097,6.818057648129365,5.595005315482955,6.916800145235445,6.1914981118380705,4.916523582334394,6.598966926723154,6.809262237139341,8.26851294403335,6.875593287387264,4.443189535625359,4.969450002583294,5.837891106076121,5.355108104618087,6.759472228859533,4.85346104995964,4.392282922143232,6.296125242318861,3.3052696704077924,4.439175956733173,7.441747554900985,8.127678163069026,1.590647506563149,5.364598868031097,8.052811022033033,5.068930624194349,5.249099135973339,6.18443898375641,5.783088830158023,4.87779269591258,3.636170265558052,4.540537180811209,6.803474887625898,3.7282575047491626,6.594843635184045,4.341434024739509,4.8908451181216925,5.2436131254583,7.149333606818692,4.207315770332535,4.128169546400688,2.6834382772839547,8.138910781777257,4.872469820396847,6.117935007658394,6.8557860215893776,9.172037883360186,6.246122753599002,4.111381474549554,1.4131894473736688,2.768520050534101,8.01037182429631,6.038346480877437,3.5506820322746497,5.3228857179463,5.766682910197055,7.191419406036475,7.528042038372622,3.788715421662105,4.448429726150588,8.194640070352474,5.462928256499687,5.282214964711038,6.154138926279948,6.5707045705853435,5.027176902139804,4.945539189777542,6.96727009466267,4.500313923038694,8.88692911010798,5.639657405801243,3.082912882053849,6.469131520330079,2.598788701983874,5.493773012070907,2.267892088992827,1.5571853253688208,4.558370338481678,4.197782011358228,7.517301867312809,9.125585502983938,8.471565716189179,2.359470970091253,5.98390239853407,6.510632703411442,4.33778059524777,2.459739295160554,5.361070510703014,4.222760267230792,6.489349638679066,2.9176367223150788,4.259065659592926,6.56438894249183,1.695278101543521,3.527287810978952,3.626605842174672,5.459676702377608,4.566773657697922,7.81606742997586,7.224184464431687,6.862459284345187,3.709104084753921,5.463331135297096,5.351462121063907,6.401496186742696,2.6315311703398105,2.388754724780005,4.634117326232432,6.741986738669707,5.286771496938062,6.92877453307459,4.320518531788835,5.085173662772313,4.91045067904213,4.9204283138929465,3.080505996665888,4.482648463494008,5.606368317037697,
-----
4.585020117049809,8.314704026939634,2.922250374125392,6.456622167539214,5.332986412166306,3.9986047310024677,6.986177220406132,7.149845705155284,1.9924013566385832,5.749416265729767,5.767249724670723,4.539597692768442,2.808297012424327,3.3398464811910937,4.676988776240355,6.059022619250372,7.603246836479533,5.678887363352965,4.840136978573008,7.768404303204724,7.740371823352582,4.652414140641943,6.175529424751498,4.066035347416049,2.152533188822108,5.1259701803765285,6.129897395452103,3.8047556956265147,3.823101827442735,4.551107793671628,4.615884306248169,4.635367357409152,4.59840509551111,5.908021393309462,3.7939857979565144,7.076845737573624,6.870782480126591,5.201016869072569,6.986971615638735,5.004656562660866,3.2573861608363157,3.832564313237685,3.8093728497337027,3.989090596972404,6.31475684757207,3.691874675162647,2.4119928065502574,6.621605754740269,4.076411801730208,5.298529158904415,4.016561475272812,4.303467255263808,2.3774577944689708,5.58648672745851,6.2624762888906265,6.074811810347512,4.375967216759377,5.202559923696427,4.61991502953337,6.5599451030745,5.2144826051076105,6.9927026359045446,2.8314129986954057,7.130654877162021,4.668064745696622,6.879037367412462,6.40901490775887,3.4142851542494697,2.332025544690471,8.516840981194857,4.4656994426756595,3.92029764568898,2.734173768861355,3.531517671684263,4.132953446554758,5.704634068773984,7.790080218184437,4.336424748008778,5.4092590783671985,7.836528710801849,4.9343180695387465,6.023208933215882,2.2465782315312097,6.818057648129365,5.595005315482955,6.916800145235445,6.1914981118380705,4.916523582334394,6.598966926723154,6.809262237139341,8.26851294403335,6.875593287387263,4.443189535625359,4.969450002583294,5.837891106076121,5.355108104618087,6.759472228859533,4.85346104995964,4.392282922143232,6.296125242318861,3.3052696704077924,4.439175956733173,7.441747554900985,8.127678163069026,1.590647506563149,5.364598868031097,8.052811022033033,5.068930624194349,5.249099135973339,6.18443898375641,5.783088830158023,4.87779269591258,3.636170265558052,4.540537180811209,6.803474887625898,3.7282575047491626,6.594843635184045,4.341434024739509,4.8908451181216925,5.2436131254583,7.149333606818692,4.207315770332535,4.128169546400688,2.6834382772839547,8.138910781777257,4.872469820396847,6.117935007658394,6.8557860215893776,9.172037883360186,6.246122753599002,4.111381474549554,1.4131894473736688,2.768520050534101,8.01037182429631,6.038346480877437,3.5506820322746497,5.3228857179463,5.766682910197055,7.191419406036475,7.528042038372622,3.788715421662105,4.448429726150588,8.194640070352474,5.462928256499687,5.282214964711038,6.154138926279948,6.5707045705853435,5.027176902139804,4.945539189777542,6.96727009466267,4.500313923038694,8.88692911010798,5.639657405801243,3.082912882053849,6.469131520330079,2.598788701983874,5.493773012070907,2.267892088992827,1.5571853253688208,4.558370338481678,4.197782011358228,7.51730186731281,9.125585502983938,8.471565716189179,2.359470970091253,5.98390239853407,6.510632703411442,4.33778059524777,2.459739295160554,5.361070510703014,4.222760267230792,6.489349638679066,2.9176367223150788,4.259065659592926,6.56438894249183,1.695278101543521,3.527287810978952,3.626605842174672,5.459676702377608,4.566773657697922,7.81606742997586,7.224184464431686,6.862459284345187,3.709104084753921,5.463331135297096,5.351462121063907,6.401496186742696,2.6315311703398105,2.388754724780005,4.634117326232432,6.741986738669707,5.286771496938062,6.92877453307459,4.320518531788835,5.085173662772313,4.91045067904213,4.9204283138929465,3.080505996665888,4.482648463494008,5.606368317037698,
-----
4.585063111605069,8.314710284747157,2.9301799978150163,6.430512662471858,5.341769504405571,3.9977886428126395,6.986133102552624,7.149882708510875,1.9928048310930115,5.749500279147697,5.767752918955651,4.540060038434298,2.8051837628198855,3.3266172935945653,4.67963194116882,6.061291500750171,7.602431679742094,5.686173718206279,4.839594320804787,7.768009101443539,7.740349773775656,4.652338606737103,6.175561639567133,4.066176617360895,2.180822157346856,5.0852871597887574,6.135515771690458,3.8012856900286813,3.8534610453544267,4.5761986774982155,4.615227268225771,4.6357549251088965,4.589212462837134,5.921450355730988,3.7887773760240306,7.078256528990318,6.86806749537091,5.200676509699074,6.97777626797884,5.015321862384012,3.256351000695262,3.830593525815619,3.8098637250207075,3.988700623507486,6.327635138756106,3.691780695174341,2.3576898296396656,6.5421478200784025,4.130982956654448,5.326632158859115,4.016954208770808,4.304286185735153,2.366104695911579,5.597653509875882,6.254577213721195,6.061159935731675,4.34720757884313,5.259736582369222,4.619940953703793,6.5601199966255415,5.214043187350436,6.992982862952923,2.8474537853180735,7.116208923627783,4.675811290229238,6.8843447684859544,6.432739366968504,3.4235493333634848,2.3111755538014958,8.497308988927841,4.463072501049108,3.920279449814834,2.724492882746229,3.4928755711636663,4.1327653641599635,5.7049725124143436,7.794380765192845,4.337735149740607,5.401139083272297,7.839061059146257,4.930691331700242,6.01686799569497,2.249049891622701,6.823828729387738,5.592162268253812,6.922864684149079,6.19630976142404,4.914681789662175,6.606721892443344,6.753781874441973,8.268530827248291,6.878707306115447,4.443022496922923,4.97283857270056,5.842018161637311,5.35779090698868,6.800272861080052,4.892427147206798,4.391352409571171,6.294540943583971,3.2983025497353364,4.438520910958236,7.44174731184688,8.127678060379584,1.5909354189370184,5.365551927848831,8.042037994822916,5.091893365978092,5.205561203250985,6.151646709274356,5.793267385918945,4.874319840025205,3.6417618500253206,4.534212918913524,6.738793190687042,3.6781584778939145,6.675830127101894,4.326281909006932,4.893542480986453,5.243128536286411,7.1425679998306055,4.2139062222307135,4.128489502534131,2.6816167038476437,8.138846924985788,4.872295297465249,6.131803561372806,6.857222248659694,9.171699523881497,6.243695347555105,4.112744549166406,1.4127144892359045,2.7685790720884755,8.010345550780883,6.041404192176417,3.5535658154084415,5.321856253152802,5.76168460787061,7.191253762859728,7.525967574746142,3.789847494221684,4.4497215304557,8.201154419474003,5.46499595959048,5.543310746919967,6.199703128111439,6.57080284742302,5.026946006097143,4.946533698902266,6.96103034310872,4.527509728415249,8.89145984407732,5.570197707504676,3.013658248778775,6.467907894017331,2.599200260790685,5.481439638785187,2.2666120803801477,1.5572580742654338,4.560267072980621,4.212789148682052,7.525121783386988,9.126400505164614,8.471548948383635,2.359524337620795,5.983862517244749,6.512325713925736,4.337386568524053,2.45991188468596,5.3626909233160704,4.226261945498074,6.486842596948254,2.917449218705309,4.25994979519813,6.564834466062913,1.695175632753536,3.526842907167048,3.6270688589379887,5.459658776592121,4.566785265798675,7.816637078489032,7.2208146180793715,6.866104068686133,3.709505614228385,5.428188328153247,5.365541015327567,6.401187786543836,2.6316177671752694,2.3878383223275472,4.633390689191429,6.756496533635543,5.29408102147409,6.934092196256543,4.298559297797814,5.077242218753195,4.933706298298676,4.920917324208147,3.0800417601068304,4.48400401351178,5.604328965555837,
-----
4.585840641576927,8.314823453330472,2.9231586599153974,6.453631496939323,5.342583679636107,3.99771299305604,6.986084547112735,7.14992343384235,1.9924330946683328,5.749422874377052,5.7672967007586236,4.5396408554022205,2.799187496046444,3.3011372492346336,4.677657822814701,6.059596925975878,7.60273107015321,5.683497588972631,4.839656403801882,7.76805431467226,7.7403673361292,4.6523987690316355,6.175565011617499,4.066191404636871,2.154701100599774,5.122852456257103,6.130367602591329,3.8044652876267593,3.829981700126568,4.556793779613489,4.61431954370164,4.63629036551543,4.528915925867906,6.0095339285033695,3.793335964899497,7.077021756127998,6.870429969950626,5.200972677243355,6.983591770766959,5.008576703574345,3.257273750897488,3.8323503018159046,3.809435894199536,3.9890405116056407,6.314803905379952,3.691874331755888,2.4107608279203263,6.619803082344554,4.0905545992547045,5.305812402932181,4.016790894275333,4.303945641275771,2.3764376481272564,5.587490132139109,6.257500731521009,6.06621261564472,4.375721167231683,5.20304909153305,4.61992003474026,6.559978869956614,5.214258779535265,6.992845374741258,2.8383346867805677,7.124421368369164,4.671097932370947,6.881115498912725,6.435763529409473,3.4247302404718596,2.325982285188829,8.511179736617716,4.46448455891115,3.9202892306287223,2.7329247815323066,3.526532229923653,4.132930756077598,5.704674899005331,7.791131051419121,4.336744943018366,5.403450934768944,7.838340071849881,4.931742948508687,6.018706627759164,2.2501248382316517,6.826338623142963,5.581924330041033,6.944703355716104,6.19377299340884,4.915652808157606,6.601202564828956,6.793268096424187,8.268516954945548,6.876291710782731,4.443180878103037,4.9696256302731685,5.844518837512322,5.359416477341707,6.785357066812397,4.878182017699717,4.392248948928444,6.296067399230195,3.2934729881761715,4.438066837598114,7.441747324833756,8.12767806586649,1.5906636896802233,5.364652438075351,8.052564445360757,5.069456203156042,5.248028703867706,6.183632746500127,5.78659455102864,4.8765965671443166,3.6366843228034513,4.539955765530919,6.802273848855921,3.727327243540213,6.60061260944753,4.3403546822019,4.892025801150795,5.243401012279605,7.147725472560523,4.208882271533822,4.128450788484392,2.681837110576083,8.138899972959075,4.872440279503969,6.126789754336244,6.856703018930369,9.172001701618868,6.245863184167414,4.112235250400287,1.41289195244337,2.7685248566607004,8.010369684843313,6.038976405209972,3.551276125368506,5.322786454495444,5.766200961964846,7.191224375730776,7.525599539483281,3.801374283683044,4.462874712311685,8.198381500657575,5.464115814437022,5.291529642540259,6.15576444415318,6.570772726995072,5.027016772391429,4.945956891393602,6.964649350173652,4.58874597882415,8.90166160703455,5.635366765850139,3.0786349093068273,6.468285772554827,2.5990731637853406,5.493748994073853,2.2678895963055163,1.5572577170927593,4.560257760650601,4.2099793122639895,7.523657634395924,9.126066943999968,8.471555811050852,2.359497900186102,5.983882273808168,6.5121425513525555,4.337429197289797,2.4597642132302533,5.361304462064419,4.224174055525831,6.488337430822247,2.9175938853094374,4.2592676488877155,6.564551443891373,1.695240726816654,3.5269182081327513,3.626990492314729,5.459662129673003,4.566783094462823,7.81637724808277,7.22235168615999,6.863718114244538,3.7092427643740695,5.458281808525839,5.353484979893147,6.401490460278432,2.631532778294946,2.3840976137034686,4.6304245934126955,6.766150795789072,5.29894449930094,6.9335319195746665,4.300872954442859,5.078985459629897,4.9285949785940515,4.921097442073994,3.079870767193866,4.484008292839091,5.60432252753999,
-----
4.587229456937216,8.315025593791285,2.9322722656236078,6.4236235490550175,5.360099698548228,3.9960854778509636,6.985611862472273,7.150319892791332,1.9940031931757973,5.74974980794286,5.768138362720485,4.5404141924051205,2.7915663196210194,3.2687524470349136,4.683172563450219,6.064330755813498,7.60194881218077,5.6904898751333635,4.839490368494934,7.767933396020454,7.7403433851452155,4.652316721591399,6.175651226807747,4.0665694795980825,2.2414694326294926,4.998068909085935,6.137532636014717,3.8000400400048413,3.859023878205779,4.58079617382457,4.614164170460347,4.6363820156904225,4.399270629147575,6.198924920130139,3.77809367749453,7.0811503940379925,6.866560972514364,5.200487647063827,6.968750363222923,5.025790632359323,3.25631672180683,3.830528264027142,3.810054031227116,3.9885494356749085,6.334240382146638,3.6917324930730113,2.330740371972522,6.502714470963595,4.1463587536124145,5.334550371728406,4.016971902631104,4.304323081088938,2.3653110153547043,5.598434165310406,6.25454788766598,6.061109251870567,4.3464538003794875,5.261235159439494,4.619945081504257,6.560147844216011,5.213483238042866,6.993339955808502,2.860853959919649,7.104141042906054,4.676790773961265,6.885015843568391,6.668539630146474,3.5156271275888384,2.2849776747104085,8.472767166605514,4.462021947745439,3.92027217301222,2.7063026932663035,3.420267844762079,4.132477114279505,5.705491201784402,7.794870972375202,4.337884518725404,5.397729166878535,7.840124495273176,4.920358375196555,5.998801999608752,2.250799719469005,6.827914403920395,5.564323204148988,6.9822485332291295,6.199159417381724,4.913591004606564,6.616147277661872,6.686351042462293,8.268536873608543,6.879760163732241,4.4429844087484085,4.973611234653164,5.858797561345298,5.368698396031726,6.853961661209043,4.943701916568274,4.391349732333819,6.294536385296553,3.271768868651431,4.436026225347833,7.441746832120087,8.127677857696826,1.5911975057497074,5.366419498792638,8.031382262414382,5.114606093518969,5.136074790003659,6.099310335140315,5.79782231292913,4.872765729063351,3.6419022782430033,4.534054090082153,6.680037187935997,3.6326491808432477,6.736145989224793,4.314997151490537,4.8943721525089865,5.242979483357235,7.1237269069198526,4.232259537277846,4.128503490780769,2.6815370659978446,8.138668986084639,4.871808983982234,6.160255768314962,6.860168758487761,9.171599485401378,6.242977667021368,4.116994261837742,1.4112336931067304,2.7686707811742046,8.010304726371833,6.042073377661558,3.5541969364093258,5.320490278774814,5.7550524695454435,7.191088029012452,7.523891975590155,3.824174687108706,4.4888921782897775,8.203796677916074,5.465834632164735,5.6470656912052375,6.217809553203539,6.5709074436894905,5.026700262902955,4.947485348622009,6.955059500137083,4.685267118407127,8.917741719383233,5.523861263128598,2.9674586029232057,6.464220218384014,2.6004405866710125,5.3419542875866055,2.2521357123386863,1.5572783543798436,4.560795823167015,4.220750034651391,7.529270040233917,9.127498605353937,8.471526356136792,2.3595722572705524,5.983826707128887,6.515127572643403,4.336734471445199,2.4600544812520657,5.364029737324353,4.227875400746148,6.485687436671103,2.9164203590554747,4.264801176194443,6.565126678595922,1.6951084249409325,3.5265514338332555,3.627372198752113,5.459599962443702,4.566823351748163,7.816975811124271,7.218810791318002,6.869445350317247,3.709873708176306,5.42370951865532,5.367335313804928,6.399948945989508,2.6319656258084336,2.347645528035764,4.601520878023305,6.785202488820567,5.3085420723882555,6.938186027140495,4.281653866365925,5.061543844528657,4.979735169338134,4.922105376362131,3.0789138958741065,4.486020538083286,5.601295213706624,
