Fitness: 168.8
42.44114777036925, 17.893263888207578,6.061859212772886, 25.26128750556438,0.014798087087678803, 2.0478523685851826,17.284766994136508, 16.929394143324377,30.75833136801418, 32.393262158080525,44.38264318026436, 34.556802291112156,26.604818588204804, 37.3674837958278,44.17285013206389, 33.16426978789494,12.96743230827137, 34.80296242567367,17.823188985782117, 4.179867905111406,1.0341005547853388, 28.892076983297894,27.145302057519565, 31.714466826268566,21.477294313202478, 31.67555853018389,11.81431990039995, 17.30994217770172,37.80235519204629, 20.718418411126166,5.111511382090056, 18.474131902851255,1.3714479400402435, 12.300695589874937,46.616751154270865, 8.474758764712254,11.593409072098376, 1.7602596508723645,5.170194004962458, 3.585264387050197,35.4436425199643, 18.376914392592088,4.377640564361412, 19.258685852521968,20.2144953969779, 39.501464036089764,35.95164748145904, 8.551407304815855,2.1953992920120404, 7.51037884261857,3.2605035792055483, 4.526836007268381,21.843388872567164, 43.60612804866423,8.599787707399475, 33.339747639227426,2.9284241374440856, 4.485227872708481,32.906304556738, 36.2352349099286,39.12429384410756, 31.460474382135356,5.901746673399422, 36.79193346224871,6.56467827301313, 46.75082710622817,27.98354000282202, 14.397356905060803,34.99530165375079, 8.34180435352162,32.57288846057468, 46.163913310871635,23.326919603952547, 43.071267266176406,19.085120743654, 7.277352613594434,27.630219955813207, 37.409860851371704,42.20501589876611, 24.115120543464634,30.91253507434636, 26.782398399589326,12.729866151956637, 5.380267969289465,24.377608949159086, 37.21586676729316,598.9812910965547, 416.1916716121196,478.57294870975034, 579.7629335892856,14.72643341889151, 36.309575086375624,17.07980602822311, 6.9245949415577766,43.99588537720782, 6.553359309011703,42.77506138164944, 8.436454738492133,1.8727556484182886, 0.004933675639687469

Fitness: 183.8
31.350810858838997, 44.68753804004429,32.768425936226855, 25.90921794559562,6.028239669756186, 9.745946517053266,3.3608122401953544, 38.600365542916194,612.2546815338014, 23.758933168708474,34.526470827634164, 14.964628755960845,0.13906066043693555, 1.2221896752041252,28.36335839176476, 47.50101016555241,39.27886376690369, 38.62050204900331,7.168729124505774, 10.1370373880938,22.221380122634706, 20.892162382521107,11.334988749730895, 35.04465122328953,22.57241203087787, 21.339907326180786,47.93300006590867, 21.526689565168965,15.9497383136735, 32.96084193357943,9.820797930633518, 45.11513289515834,37.52147909166666, 33.5130403501372,3.914487437274844, 33.89924002526609,5.863603462563266, 0.15890613729671044,35.11944700560067, 29.54115399051423,38.92869968354954, 0.5997465987134409,39.34375255209695, 2.4385169740770873,21.783277182604778, 47.3730075515113,45.00210275638306, 44.05807306408787,2.5577759580071273, 0.0057901111785494865,17.467332037748285, 14.59120617145836,16.229168316003317, 24.964701192646118,5.037932882079882, 30.771797233625435,3.788818059730892, 22.50400886670228,8.163830891069274, 36.94876216052171,4.722972280315191, 11.414838542519878,35.90899565500788, 12.32005075354367,32.601279665468304, 11.876892511556258,44.928295495162814, 28.61187147055673,32.068470058961715, 1.639958706461364,26.597310556365684, 35.42634864155424,39.717062949407854, 26.17436611869646,17.357691591672836, 14.98276002878754,28.869740025419198, 28.05099564012134,5.8269353516291975, 14.041981469966396,47.58684810398394, 21.333628915457176,47.77029301757552, 28.430684140889056,35.04462887608019, 23.92459819689937,26.643870036471746, 34.77132581528045,41.32230568213029, 24.52543491591101,13.091785711660858, 34.77588870709785,29.59125437229777, 1.157390481547954,374.0079507862633, 590.6904383068639,7.717068481871636, 25.032432183318203,35.640919994353204, 27.037370171197693

Fitness: 176.6
35.578254701201665, 9.423434151833398,3.7997041156519638, 34.118770727472715,28.171085429909215, 5.053761965145248,7.9774404935381344, 5.215843932002723,6.238592401026333, 45.01616162558765,11.926955415216778, 5.870738513034235,9.858522670732228, 37.46433913829619,7.144471571220651, 18.76582894832953,24.582009268918213, 36.798675769271625,47.66392085627401, 28.93523023999554,35.670644175811134, 19.83062708448808,37.53168734692937, 28.324672997806605,39.54107984329458, 20.03240460048258,15.60195061939908, 29.761904454272454,34.2570799030561, 23.218218446925658,5.415391078442344, 28.08327787895193,31.27024241304097, 40.94277211598622,2.587904699004984, 0.29783439171900455,40.03445013166718, 42.40467519011635,0.13211108166465213, 3.747221824892053,25.605460385735885, 41.706883021877545,175.88232648958632, 564.5715725156491,26.88582556965398, 4.953223174685778,33.14561947199644, 14.531179327501798,598.5468166975726, 130.43558230609793,43.36772582895416, 35.39577191229685,15.25192308044413, 19.2299145731476,38.415319362089775, 38.110348902133985,46.82603463196727, 24.242892594451227,18.165587747204082, 14.165916621954,26.24682085839689, 42.80959487884959,39.66939875856174, 40.384697424691836,28.4041814067843, 14.405039884385374,43.75467268788631, 11.298455769973293,18.93104039923829, 15.215967488156846,44.99498828188063, 39.840835901712914,8.678318245574152, 18.292891815558537,46.3120129521387, 7.214641115648979,9.374775742473085, 11.44108180475229,27.81047460947253, 42.45313837639284,23.88394558054519, 16.28460939384074,11.83692791963758, 38.41520397335873,32.644103548215625, 35.18955535497961,22.70867598197682, 13.73731976691821,5.1136403686487695, 37.54693335567692,40.076774657674754, 9.611135289181844,21.342973484475515, 33.29283015860577,39.46712242912505, 16.16350617620658,34.15548887068594, 19.482708680887228,22.186223011311085, 5.6866316873096565

Fitness: 185.4
39.77878996612007, 40.25561891891072,3.7387729455844676, 8.657160346751441,23.25820822395363, 17.86724688281539,25.060302634211624, 18.287243194900004,11.51118678189253, 44.4282257499004,34.986816952663894, 29.557928655590327,1.8031543482608159, 11.188817807960167,9.953696425138304, 12.809520546285002,42.55604898057071, 44.929539141110716,23.41569013031215, 28.10671257027735,23.76904054155078, 13.535056082350133,9.6496492241594, 43.895777894374305,7.7919143422295996, 21.455746447199324,28.189019845285074, 39.30628063156072,287.0300504190952, 625.8990154588067,29.953636532297445, 24.425032412318743,2.1404564321003736, 23.346468324114,0.03491666785576494, 3.093607857461766,3.3473178985587717, 20.45653747165207,43.39475715412486, 15.415464478155716,28.576553787242574, 16.428525216949826,21.74056573375809, 2.96170067788068,47.83304070023716, 42.99734501768651,37.070856512477285, 33.28306935187549,42.440251526733064, 24.36959145021391,11.93225517717798, 48.63735724480322,43.08097496519541, 40.125086417334046,2.493645506437944, 0.04587905248332775,31.933395210501036, 2.237051041581201,13.134273949917919, 44.15728436848286,12.87133265169848, 23.09230683053447,36.7364674712681, 37.316565154815954,27.183789228835124, 42.45736880143094,21.628891950412886, 44.14078021343258,4.817768625223318, 23.963255636005808,16.50800375982077, 2.336237890473558,42.75965843010492, 25.871273330382966,588.8193104563437, 51.814901000994816,42.8443097741155, 46.63399179385552,9.633931611928315, 6.982248166816651,21.017249995032632, 43.08010235749748,14.687139842253337, 25.051586361392552,18.874325157551798, 17.92876900490439,0.48014669883186256, 35.457805284680795,6.164368793689451, 23.77856791580913,8.680716882458228, 9.97836348832098,9.864336103051002, 32.71803462497727,8.709874700803388, 19.051233736559613,41.4226724302104, 24.26931303201388,26.94623249213841, 45.70086620244345

Fitness: 178.6
3.4947075293427283, 0.012792762514810612,14.959034647465414, 18.113292220100163,34.717922270972664, 47.958722995456746,26.023089768801423, 41.22359764792394,12.220892572076858, 7.302631298416146,0.06736912973556955, 1.497871757675605,34.75090828503636, 28.68314237516743,25.61770703806892, 5.0789875721088285,42.86644767889894, 17.034571376956908,2.8956573638249328, 24.379850833852707,29.50240892719539, 20.10883166514431,9.126898034910946, 9.026734698011607,30.350665092350347, 27.05040882159715,6.518365610790133, 14.466442696668603,12.805592372660058, 42.58593553906472,17.575316366953558, 49.26994476959045,21.251953022001373, 13.6121019034549,41.27489048993369, 12.063114701480721,6.833874431260117, 47.90512872052122,23.17954845247615, 28.203062733270006,29.26748731268553, 29.176949731867456,39.53828346895992, 13.887154470527591,16.74611494759325, 48.767719959378944,17.191104091317637, 5.977481725830897,7.5357174571341, 41.891204841401006,36.92236122400081, 32.98177156943143,23.469650384923973, 35.53909097964951,7.801050701913886, 16.352411372944676,41.225606877281685, 35.90215860239033,4.0013417693843145, 31.548478442840818,32.00393850640795, 5.480769432539051,23.61410536883274, 25.151353466145387,34.02540024475592, 3.934026521475731,11.040347495710012, 27.73272703461942,5.127655328473884, 42.15644923069576,30.699996051205385, 22.14447143247453,24.6637473051743, 26.072939823243257,39.99458022676967, 23.433096168117533,24.8920422391506, 45.20728002158537,417.01738558267186, 614.1802362445704,32.09598081963864, 41.206352870570825,20.53498998339196, 12.704354750650026,36.783323712133104, 23.191723902329603,44.205845446976156, 33.865244113967755,40.488372500114735, 30.062185108244353,29.35824666256812, 42.82470966129149,43.93700580283302, 24.68530672187158,11.290631182109195, 46.67677605111463,540.4030795697466, 468.47319892826533,4.538815085783121, 12.59755109265428

Fitness: 188.2
0.0559794635994012, 1.6916973981631336,27.61342048635027, 19.08159859993754,28.071675323239997, 19.130794823553643,468.0218719606489, 574.0826446310095,7.173950238752175, 13.706783115649296,29.081340822919337, 10.506192604954318,31.15469655414596, 25.283390937595545,36.934063709345814, 49.06137181314802,29.663904183377166, 32.59827685182134,18.950562082549542, 33.53591158918333,14.503847994876534, 47.383957721785656,14.216963780215714, 29.865454292893368,37.17902230695806, 19.3409781005283,8.633708886965296, 25.351869545270304,19.382387145143813, 16.34116523549618,35.94795986372813, 14.420338669468686,5.015615692490511, 42.777511314449335,39.57860506006447, 46.626634033986264,8.95241227999689, 28.166719673612494,7.771999046817113, 1.0762595343499437,3.4277526939744063, 38.86237928799583,603.042051478519, 517.6246493176882,37.672266060101265, 38.05118658733644,39.182738921477316, 24.67889955366296,30.20977959802335, 43.08160207836491,16.112121553426732, 22.7101326780394,6.0973809833631325, 4.613765211479398,1.5433638867703456, 0.06405301543645213,23.311194063990882, 9.08145177688327,11.904997453600252, 24.742997488567436,43.46737574655686, 34.521320755012404,25.938242203865787, 6.6872087735574794,2.1166741714105655, 19.95161727516013,14.580481032521531, 41.58268014477903,22.962225182923703, 40.17200181447269,3.7531047626749636, 14.847936147130847,48.52408099097278, 11.108087163232883,44.54766521749873, 14.120630652579313,27.010302041058143, 35.638732258129544,2.34175454826015, 7.43007054465466,1.453255016699756, 36.22109496250776,11.950377372165782, 6.001507739574519,42.531119604043575, 8.567912563618535,36.936931509240274, 12.377334290453668,0.9183986710386838, 20.133398811931023,43.912936095979276, 13.573486551898862,28.49557453174069, 18.228632995462984,39.42325799289065, 14.58510855896788,30.29688496457294, 5.214251358592914,17.843656072931125, 19.7136787292781

Fitness: 192.2
7.829153406305628, 36.79606062262361,17.892404469745426, 23.566888756241717,12.13534246475657, 49.53745799225809,11.386795418486589, 35.97448320108768,44.33297301728674, 36.56170618245482,40.279837864060596, 49.42600534074765,9.50781781226781, 42.4060385327264,32.14474829029175, 34.127524689586345,13.931292637982246, 23.197710790171588,46.794262147208244, 35.1465031312587,6.482452003001499, 20.656440398189535,2.143081037397093, 30.20254134013298,0.03415173643678064, 3.9228330499666844,41.70930637260933, 5.377734094942732,0.6903788258263599, 4.735956555755055,15.448301117755175, 11.711992765379954,40.126078119446476, 20.812754503529867,559.6030894127186, 274.1534747554441,17.79240236469426, 43.84747292179355,16.956662114304365, 32.126492447362324,40.19723683844361, 43.167159863559924,23.043291586457425, 9.433916588349318,34.10744839308298, 20.769756068291024,48.49139415529342, 9.995178773833668,34.13363553639641, 9.050834460312378,4.276704845612523, 18.11712855302553,45.72843651835695, 45.670073109779445,9.404936769649986, 33.904108135754406,46.038886178889285, 29.46520200762357,10.964860112395236, 49.11820807531014,10.883399979531433, 48.479417425962964,36.568996098302925, 35.9679734036741,46.01651901718923, 34.88895361620128,35.68974945063829, 42.30851676252076,4.799653366100437, 41.90067292100844,21.1352262168912, 9.050456502420195,3.310813803257318, 0.3540259758317836,15.70773669400493, 49.452079570970064,38.828825848188146, 39.62002959016605,41.94935537318202, 5.408532185408799,18.891682634832925, 10.285109439432155,14.802714326178428, 22.853850561009654,8.090567263735576, 26.791952174779038,8.001563227624509, 16.95603582580923,36.83266163235096, 28.61630802060023,15.054408610917037, 27.912404269666837,44.39275098597586, 42.36802771486443,193.07297356991185, 650.388557890375,36.0877704072774, 36.34974538301024,29.6546702597069, 48.522359464509464

Fitness: 176.4
29.35663302937246, 30.00148794211001,41.45434171717625, 36.55636640725031,107.05918092334154, 606.6981442112442,40.65538816003291, 33.50972085113999,20.655164372249992, 33.46188174469577,36.183897466102465, 14.203742935913045,7.294076059671756, 18.109148776576507,16.072681971250486, 38.215309025311214,25.918937786183342, 48.385181200989194,37.24499042162724, 5.305279979652711,26.782973367365866, 41.1603970611498,0.6927943701259901, 0.10358583186803785,15.52186254251266, 18.774789540628266,42.2984912906561, 15.418588265051781,45.46880450230032, 13.06741012351123,7.587854660454385, 5.036664144560432,10.947723987435104, 26.13846888317097,15.306428484164936, 47.36907633587353,2.520255642396446, 47.94322062725605,17.89407812868819, 45.428044033517786,39.117239895858305, 21.100021653974917,31.661811811866286, 22.230079702339395,10.003028933217717, 10.14065708729175,48.27724480451078, 13.950759466982248,41.60098648096285, 25.83921441327643,30.59689480515756, 47.351918884852736,0.02813185033716984, 2.0210822902541925,10.485973011813797, 13.909562741560483,2.9759939546048777, 4.430268976328056,17.252698893112722, 31.6352401475939,29.798242055336377, 24.576927268792797,15.372975866618876, 15.710546258316944,25.08384152227655, 10.649222791918389,19.292597510569475, 10.743922868218725,20.776968299036767, 39.41431038761021,31.267987215353376, 20.710833328454004,36.448043139588, 35.32046967355911,15.44279044112496, 7.452871203769434,38.79382567334538, 22.606080520166305,27.656479711377568, 14.988306121511597,38.60855354145939, 37.77280408481775,15.842458650982477, 14.826012369520097,11.787728679807735, 39.04558205433894,40.29696873159921, 6.976698753876054,3.6312033798510726, 8.475272995029549,36.58643550439765, 2.4198031721173576,12.479811526380658, 27.93545759391937,6.409739234643419, 5.411350174039736,615.0603305335434, 278.33752004508716,23.343182754021335, 8.207566741209554

Fitness: 183.6
29.255876041424255, 25.439219670446136,10.838456133613333, 25.04064657936808,29.19314063042827, 17.336294435182765,39.45370365458414, 2.7675579073077716,43.979847326727885, 21.327621931894754,3.741868962380712, 7.030008619684436,4.333159790118563, 30.280660480628875,323.91574552685745, 586.7412755129874,37.23233937842199, 16.470421720331824,0.030200890148604376, 3.8284242070114485,37.11281059072583, 48.14064630914263,26.891654929456653, 32.15009556342953,23.24420653041263, 36.36402399215024,14.293424434636808, 10.309747909822814,39.40963249789208, 14.668804172657046,38.74106960131937, 6.43148488371526,44.239744178826726, 13.713591699788063,12.703876430998667, 14.474076981145046,21.85402086012738, 4.669091581331691,6.652155270882798, 43.61055529254383,12.822984615630057, 47.90499018088266,8.986960218196577, 15.301887133012283,24.88892295442429, 48.082153156563514,6.109930896952564, 33.79942298129202,31.368991758263416, 32.81473591344853,26.323748944495023, 15.233897640303951,2.713440977962467, 39.69377329363783,17.083772822718085, 47.60696011236122,43.30297744126487, 15.653279776910257,15.01401166737396, 17.7219086233665,21.243165862590658, 3.4118093778868652,22.055644322281974, 31.373528473165486,33.65005020118171, 12.036923107590386,19.133901192697582, 19.962611329106224,43.72003691777355, 42.556919209777675,30.809189354661413, 20.108950467610832,8.73839649646922, 14.98368141479347,0.5209068838277986, 32.807306640255376,40.10456049191661, 20.11239722567445,46.237506066611736, 15.204043813041256,47.43873397841508, 48.02841826047292,40.59389813344877, 31.16783405953216,18.883179304995185, 25.378423111413102,607.5399205609377, 462.5061423861547,28.822810305225545, 25.152545169641517,0.2440682093627227, 0.05980475664288606,42.423628250104024, 45.97604968889102,32.77798446123073, 20.688128348386886,3.6238008988861536, 42.72361789762173,2.708516548271256, 9.358044773663499

Fitness: 175.0
46.567726203801605, 33.07338659533177,0.029754466537124796, 5.830811950697785,22.476174054926705, 39.431296927875366,20.56191799317777, 36.54947319714014,17.201387004451284, 35.64299591664084,12.671626613362651, 2.7450934970682073,19.360976953837756, 9.408079626764593,41.96232089197637, 5.825827845171888,49.964941373818675, 24.42289514613012,35.91556992790702, 38.02022114887993,37.45918614895576, 45.74913520488809,0.8010870052372054, 26.30861117572632,31.1274038620651, 40.19736365285841,3.136831983363475, 7.985576726228249,2.640598661297116, 0.025738685014017916,11.372561334615527, 1.6802787139448938,33.48168101361683, 14.608339988648666,25.325182913281687, 36.97098635250028,29.346276115890056, 31.496863725724396,17.036902141619525, 25.700770390229703,3.519984262997311, 42.64157846676552,16.932169845745154, 4.634569276806472,8.499529891369711, 38.4266698787002,3.417071063739491, 2.1935304529060398,24.149413478832866, 19.642229542106616,42.394832084558175, 31.66072146552516,10.309289656056691, 30.534504459108554,25.56372547651732, 39.473037541362196,14.080506720512853, 11.805158952181783,22.81872083552828, 39.997285879508,7.489126160543486, 6.935089184720961,356.95157229212884, 380.4708125593768,37.52157803528205, 41.58529990279226,4.5780224416525295, 22.202216992205226,15.890442430487012, 33.766788396081225,31.82468161883029, 28.823835878043692,10.311651898762186, 31.973364061025716,4.090620785125642, 16.970058466105588,22.560771966936, 19.535738895803313,10.86954635886091, 15.914763121236836,1.1248135189773745, 16.082228363750282,5.525892977100938, 0.4085396801048524,37.877383584200295, 1.1808133391187359,20.772068527325615, 21.902488404092352,38.87878099917697, 30.98929471948788,0.7030535040254027, 15.135610397726618,39.1390179726687, 16.05471248404099,45.6179151416538, 31.845117911787757,573.3024668039985, 312.91751719048983,22.937868891157155, 21.767219641338475
