18.6
2.0486646695198547, 0.09858809000873106,11.453943147785795, 37.2165898983948,8.676704773783433, 8.623195203777117,0.06593474727984625, 2.8647978253244117,508.4535133279008, 110.0657265234859,32.732266153270984, 28.238465334121702,353.107333867859, 459.4014898698371,10.335716527022681, 2.7039657145926044,22.19152937801432, 34.98613713247407,10.67466425456608, 3.990567338303724

18.2
7.803321912480826, 34.73236271817329,47.70321597749454, 30.834007949732467,22.828573590198108, 0.5655637197579444,29.734129475849176, 8.541297223762173,628.7007317554187, 139.31801122873003,9.046304073926803, 6.205508057971648,43.364822977440916, 523.4379646208391,43.44184809032697, 34.60254400680458,21.25941485912462, 11.62358703367114,0.02004451696287911, 0.0013449135650615556

21.8
9.983391465775115, 40.47960896618864,0.45002401404172204, 0.7990324712724473,0.3022263495300716, 1.2014345317708282,24.187792348620864, 45.01479313237204,12.715672532259214, 19.832660251193946,602.8302010363241, 133.58209579953888,31.57193003799585, 23.79945249656111,11.053701116506765, 43.90282548619906,274.0419337143872, 566.0232309766202,15.796215956228243, 24.987897399177676

18.4
118.9380412350481, 44.230465124526425,19.686253934103508, 34.65512525862155,23.87180390987843, 14.478809933484154,45.142489171337616, 23.280607039945384,3.139296723104793, 0.8201283714514779,21.73936761174511, 27.553770045207273,0.8290550782056397, 2.060330805666558,35.18271013040069, 21.5929447173061,48.427242120583394, 10.404432058549334,2805.0913123923674, 2640.7896155291014

18.4
22.86579228006071, 33.45523326156678,514.7242476556974, 563.6039605045898,0.09199907862093927, 2.3384656953964504,0.9051073758715857, 0.869187628163056,29.91977761878171, 36.44279781376491,35.585297461840604, 39.53227192145336,32.57101486731146, 33.270688108850344,574.9518687649811, 488.1023182568647,38.13883964351353, 38.96055085583523,36.394876636039015, 15.672463697085636

20.2
0.32014997447339305, 1.0989575083392795,380.2995119209495, 497.5789793476014,25.562827902378228, 15.583305772935063,18.414501756959712, 30.427464427009394,37.966131133917905, 36.21525034444823,3.534288158219569, 0.48051584996210184,40.43047384649397, 16.03357193206387,11.250095757125433, 16.54730547322049,535.3982968807622, 308.90875536039493,24.595306537001903, 23.095246767631377

19.0
386.27531719015735, 534.6631637009524,17.284849402842568, 27.034253643770224,1.2874684360976292, 0.5616989859985231,44.533317922456646, 9.824217338086715,39.42153020729671, 14.915866054212662,20.89890114642311, 11.10239276010352,0.18034416738354647, 3.1835931390166197,13.703873075918077, 24.399826629430287,40.800640390492845, 24.074315523821234,563.3200377847163, 501.17618529264763

25.0
5.565245333575991, 12.960654737329797,122.22063747508025, 605.2176391706334,540.5103349806411, 296.12186705254607,5.418918379994874, 6.585113790699176,0.02474071567092693, 3.406622776502373,3.175312248797324, 15.309376205581483,11.744633811384093, 15.954539782450421,25.024961111963904, 5.498466867684682,46.7331003188553, 42.610389807690524,3.7137018225704406, 0.1846903605250188

21.2
4.3918552375017015, 25.048098253794954,33.06581522325821, 37.112505618844,1.831253215140266, 27.017345952066485,7.741593599481939, 31.346764201883097,42.53974842368521, 1.8627690646970452,0.15411294963974093, 1.126206534043608,3.8277791346586034, 0.13767915164634356,32.292506473088, 13.299178411183643,5.369306652962502, 8.052939102193985,7565.403300964109, 6993.498251890618

18.4
633.6426588039997, 425.5831939486245,48.749131600683384, 22.69923724535254,251.2085450468581, 600.6354804436577,24.278874206337807, 31.434186289985416,0.03287197990521708, 0.055917233846427286,8.103739245983743, 31.305649549666597,22.86494839592676, 27.701990840417963,12.53446671036597, 14.893228080711685,29.065467934592608, 44.31465169893544,31.98308021318772, 31.24138791624173
